2018,-0.05,1.0,7,0.6933173890964983,0.6427994787101056
2018,-0.05,1.1,7,0.6933173890964983,0.6379408985446545
2018,-0.05,1.2,7,0.6933173890964983,0.6349969624929853
2018,-0.05,1.3,7,0.6933173890964983,0.6271594766152783
2018,-0.05,1.4,7,0.6933173890964983,0.6153514833306647
2018,-0.05,1.5,7,0.6933173890964983,0.5916692090544464
2018,-0.05,1.6,7,0.6933173890964983,0.5989182742077002
2018,-0.05,1.7000000000000002,7,0.6933173890964983,0.5995747278182689
2018,-0.05,1.8,7,0.6933173890964983,0.6208099868360896
2018,-0.05,1.9,7,0.6933173890964983,0.6245199710606568
2018,-0.05,2.0,7,0.6933173890964983,0.6376133687480637
2018,-0.05,2.1,7,0.6933173890964983,0.6254674737173848
2018,-0.05,2.2,7,0.6933173890964983,0.6140360754351308
2018,-0.05,2.3,7,0.6933173890964983,0.5973908040549379
2018,-0.05,2.4000000000000004,7,0.6933173890964983,0.5982595632536228
2018,-0.05,2.5,7,0.7028073768609796,0.605256848674478
2018,-0.05,2.6,7,0.7028073768609796,0.5985067914706035
2018,-0.05,2.7,7,0.7386527116444727,0.5988250611194988
2018,-0.05,2.8,7,0.7386527116444727,0.6029019554910725
2018,-0.05,2.9000000000000004,7,0.7386527116444727,0.6059414349192257
2018,-0.05,3.0,7,0.7386527116444727,0.603704162172532
2018,-0.05,3.1,7,0.7420086722882069,0.6125408506577422
2018,-0.05,3.2,7,0.7420086722882069,0.6028303600656567
2018,-0.05,3.3000000000000003,7,0.7420086722882069,0.5915343202328439
2018,-0.05,3.4000000000000004,7,0.7420086722882069,0.5978653594642752
2018,-0.05,3.5,7,0.7429239342819526,0.5983669965606239
2018,-0.05,3.6,7,0.7434334824055971,0.6016348776701376
2018,-0.05,3.7,7,0.7439523362547497,0.6123643022009004
2018,-0.05,3.8000000000000003,7,0.7439523362547497,0.62405548905981
2018,-0.05,3.9000000000000004,7,0.7439523362547497,0.6286851571588244
2018,-0.05,4.0,7,0.7439523362547497,0.64228821852251
2018,-0.05,4.1,7,0.7439523362547497,0.6439117493937933
2018,-0.05,4.2,7,0.7439523362547497,0.650018806598551
2018,-0.05,4.300000000000001,7,0.7439523362547497,0.6586577727625323
2018,-0.05,4.4,7,0.7448027997302248,0.6648872379029279
2018,-0.05,4.5,7,0.745668794966666,0.6685016766053291
2018,-0.05,4.6,7,0.745668794966666,0.6693670972092377
2018,-0.05,4.7,7,0.745668794966666,0.6659683936650553
2018,-0.05,4.800000000000001,7,0.745668794966666,0.6660957595733491
2018,-0.05,4.9,7,0.745668794966666,0.6630881836575846
2018,-0.05,5.0,7,0.745668794966666,0.6564806075806316
2018,-0.05,5.1000000000000005,7,0.745668794966666,0.6399799810183652
2018,-0.05,5.2,7,0.745668794966666,0.650839997435206
2018,-0.05,5.3,7,0.745668794966666,0.6444124345612671
2018,-0.05,5.4,7,0.745668794966666,0.6270610879672315
2018,-0.05,5.5,7,0.745668794966666,0.6190003360501113
2018,-0.05,5.6000000000000005,7,0.745668794966666,0.6312629601188025
2018,-0.05,5.7,7,0.745668794966666,0.6329879731335553
2018,-0.05,5.800000000000001,7,0.745668794966666,0.6332069197245953
2018,-0.05,5.9,7,0.745668794966666,0.6397519134485863
2018,-0.05,6.0,7,0.745668794966666,0.6454880392627825
2018,-0.05,6.1000000000000005,7,0.7486781272645009,0.6441678880998041
2018,-0.05,6.2,7,0.7543265186612366,0.6436121988224455
2018,-0.05,6.300000000000001,7,0.7656718886948385,0.6132635438402118
2018,-0.05,6.4,7,0.766358801501953,0.5985699174336279
2018,-0.05,6.5,7,0.7670582591929248,0.5956576337013705
2018,-0.05,6.6000000000000005,7,0.7670582591929248,0.5966589965025136
2018,-0.05,6.7,7,0.7670582591929248,0.5911468546325256
2018,-0.05,6.800000000000001,7,0.7675162010643345,0.5974824846681647
2018,-0.05,6.9,7,0.7679825061916491,0.5862987384295104
2018,-0.05,7.0,7,0.7682441872610261,0.5946876038161737
2018,-0.05,7.1000000000000005,7,0.7685106473337772,0.6002901428199582
2018,-0.05,7.2,7,0.7693611108092522,0.6123228144716613
2018,-0.05,7.300000000000001,7,0.7702271060456936,0.6093442199771081
2018,-0.05,7.4,7,0.7702271060456936,0.6192696274464762
2018,-0.05,7.5,7,0.7702271060456936,0.6421392155638639
2018,-0.05,7.6000000000000005,7,0.7702271060456936,0.6647038549874938
2018,-0.05,7.7,7,0.7710121492538243,0.6701776040693546
2018,-0.05,7.800000000000001,7,0.780608230983724,0.6703175507640379
2018,-0.05,7.9,7,0.7870312082685683,0.6718982856839586
2018,-0.05,8.0,7,0.7922104531754065,0.6884230809416616
2018,-0.05,8.100000000000001,7,0.7931430634300357,0.6874026411827121
2018,-0.05,8.2,7,0.7931430634300357,0.6744790973725259
2018,-0.05,8.3,7,0.7931430634300357,0.6811261666028633
2018,-0.05,8.4,7,0.7931430634300357,0.6741473995263111
2018,-0.05,8.5,7,0.7931430634300357,0.6728172192830847
2018,-0.05,8.600000000000001,7,0.7931430634300357,0.6757789787023725
2018,-0.05,8.7,7,0.7931430634300357,0.6804861880382813
2018,-0.05,8.8,7,0.7931430634300357,0.6746261300510848
2018,-0.05,8.9,7,0.7931430634300357,0.676784017024843
2018,-0.05,9.0,7,0.7931430634300357,0.6835793701352142
2018,-0.05,9.1,7,0.7931430634300357,0.682785967980701
2018,-0.05,9.200000000000001,7,0.7976493154817232,0.6884376308823106
2018,-0.05,9.3,7,0.7976493154817232,0.6933862582417045
2018,-0.05,9.4,7,0.799051923736222,0.7065181147011454
2018,-0.05,9.5,7,0.799051923736222,0.713641889942331
2018,-0.05,9.6,7,0.8014990274993902,0.7123522530444071
2018,-0.05,9.700000000000001,7,0.8078555287378634,0.7046780881852506
2018,-0.05,9.8,7,0.81069058797568,0.6967773115544263
2018,-0.05,9.9,7,0.8177036292481741,0.6865748997342968
2018,-0.05,10.0,7,0.8177036292481741,0.6908194707731763
2018,-0.055,1.0,7,0.8489271037222812,0.7897655358579384
2018,-0.055,1.1,7,0.6933173890964983,0.647514629863527
2018,-0.055,1.2,7,0.6933173890964983,0.6462515118219267
2018,-0.055,1.3,7,0.6933173890964983,0.6434593500235068
2018,-0.055,1.4,7,0.6933173890964983,0.6271594766152783
2018,-0.055,1.5,7,0.6933173890964983,0.6059507050902937
2018,-0.055,1.6,7,0.6933173890964983,0.5940336358716228
2018,-0.055,1.7000000000000002,7,0.6933173890964983,0.6036801789696049
2018,-0.055,1.8,7,0.6933173890964983,0.6109347045175321
2018,-0.055,1.9,7,0.6933173890964983,0.6164101137599094
2018,-0.055,2.0,7,0.6933173890964983,0.6284247877647203
2018,-0.055,2.1,7,0.6933173890964983,0.6315981070841333
2018,-0.055,2.2,7,0.6933173890964983,0.6376133687480637
2018,-0.055,2.3,7,0.6933173890964983,0.6254674737173848
2018,-0.055,2.4000000000000004,7,0.6933173890964983,0.6179121717462698
2018,-0.055,2.5,7,0.6933173890964983,0.6018253210210712
2018,-0.055,2.6,7,0.6933173890964983,0.6062666657532089
2018,-0.055,2.7,7,0.7028073768609796,0.605256848674478
2018,-0.055,2.8,7,0.7028073768609796,0.5985067914706035
2018,-0.055,2.9000000000000004,7,0.7328930649823819,0.6013318503403052
2018,-0.055,3.0,7,0.7386527116444727,0.6033149179934209
2018,-0.055,3.1,7,0.7386527116444727,0.6021464451931388
2018,-0.055,3.2,7,0.7386527116444727,0.6051067066945615
2018,-0.055,3.3000000000000003,7,0.7386527116444727,0.6047496916991963
2018,-0.055,3.4000000000000004,7,0.7420086722882069,0.6055611928162496
2018,-0.055,3.5,7,0.7420086722882069,0.5862384588436086
2018,-0.055,3.6,7,0.7420086722882069,0.5828355231486962
2018,-0.055,3.7,7,0.7420086722882069,0.599427082624632
2018,-0.055,3.8000000000000003,7,0.7429239342819526,0.5897070040271819
2018,-0.055,3.9000000000000004,7,0.7434334824055971,0.6010075722079938
2018,-0.055,4.0,7,0.7439523362547497,0.608730908626855
2018,-0.055,4.1,7,0.7439523362547497,0.6181275505104624
2018,-0.055,4.2,7,0.7439523362547497,0.623283177115277
2018,-0.055,4.300000000000001,7,0.7439523362547497,0.6321013480708474
2018,-0.055,4.4,7,0.7439523362547497,0.6442140802957381
2018,-0.055,4.5,7,0.7439523362547497,0.6474695335980967
2018,-0.055,4.6,7,0.7439523362547497,0.6491707326247631
2018,-0.055,4.7,7,0.7448027997302248,0.6570604678908333
2018,-0.055,4.800000000000001,7,0.745668794966666,0.664592394838983
2018,-0.055,4.9,7,0.745668794966666,0.6610777492666918
2018,-0.055,5.0,7,0.745668794966666,0.663105285499585
2018,-0.055,5.1000000000000005,7,0.745668794966666,0.6661349312105248
2018,-0.055,5.2,7,0.745668794966666,0.6694517202170834
2018,-0.055,5.3,7,0.745668794966666,0.6572245722921621
2018,-0.055,5.4,7,0.745668794966666,0.6632713022003383
2018,-0.055,5.5,7,0.745668794966666,0.6559827898357586
2018,-0.055,5.6000000000000005,7,0.745668794966666,0.6459822926807464
2018,-0.055,5.7,7,0.745668794966666,0.6529919887815562
2018,-0.055,5.800000000000001,7,0.745668794966666,0.6405941336583535
2018,-0.055,5.9,7,0.745668794966666,0.6338928137178955
2018,-0.055,6.0,7,0.745668794966666,0.6199406390642682
2018,-0.055,6.1000000000000005,7,0.745668794966666,0.6186244542496714
2018,-0.055,6.2,7,0.745668794966666,0.6346585794525205
2018,-0.055,6.300000000000001,7,0.745668794966666,0.6287602816784333
2018,-0.055,6.4,7,0.745668794966666,0.6405031584621661
2018,-0.055,6.5,7,0.745668794966666,0.6401524684524001
2018,-0.055,6.6000000000000005,7,0.7486781272645009,0.6454118662378463
2018,-0.055,6.7,7,0.7543265186612366,0.6374309778080721
2018,-0.055,6.800000000000001,7,0.7569578118796546,0.6348859224688959
2018,-0.055,6.9,7,0.7656718886948385,0.6150462613023979
2018,-0.055,7.0,7,0.7670582591929248,0.588222119504252
2018,-0.055,7.1000000000000005,7,0.7670582591929248,0.584981035781421
2018,-0.055,7.2,7,0.7670582591929248,0.5963793941704832
2018,-0.055,7.300000000000001,7,0.7670582591929248,0.5994732627491591
2018,-0.055,7.4,7,0.7675162010643345,0.6004135454684276
2018,-0.055,7.5,7,0.7679825061916491,0.5881191448874769
2018,-0.055,7.6000000000000005,7,0.7682441872610261,0.5833473668649068
2018,-0.055,7.7,7,0.7685106473337772,0.5990910724925779
2018,-0.055,7.800000000000001,7,0.7693611108092522,0.6009825775203944
2018,-0.055,7.9,7,0.7702271060456936,0.6136703555673317
2018,-0.055,8.0,7,0.7702271060456936,0.6110367271649533
2018,-0.055,8.100000000000001,7,0.7702271060456936,0.623990639452853
2018,-0.055,8.2,7,0.7702271060456936,0.6421392155638639
2018,-0.055,8.3,7,0.7702271060456936,0.6649655360568708
2018,-0.055,8.4,7,0.7710121492538243,0.6717851796226626
2018,-0.055,8.5,7,0.7834213024795261,0.6732532450531492
2018,-0.055,8.600000000000001,7,0.7898956540506434,0.6720944378659669
2018,-0.055,8.7,7,0.7922104531754065,0.6752027520747899
2018,-0.055,8.8,7,0.7931430634300357,0.6874026411827121
2018,-0.055,8.9,7,0.7931430634300357,0.6851329515609529
2018,-0.055,9.0,7,0.7931430634300357,0.6746801371779327
2018,-0.055,9.1,7,0.7931430634300357,0.68282589880297
2018,-0.055,9.200000000000001,7,0.7931430634300357,0.6768618887602009
2018,-0.055,9.3,7,0.7931430634300357,0.6722451633887964
2018,-0.055,9.4,7,0.7931430634300357,0.676144021037036
2018,-0.055,9.5,7,0.7931430634300357,0.681175038486187
2018,-0.055,9.6,7,0.7931430634300357,0.6810407483612623
2018,-0.055,9.700000000000001,7,0.7931430634300357,0.678916679455454
2018,-0.055,9.8,7,0.7931430634300357,0.6769542843373689
2018,-0.055,9.9,7,0.7931430634300357,0.6797718523699696
2018,-0.055,10.0,7,0.7975299445664469,0.6784403167279044
2018,-0.060000000000000005,1.0,7,0.8489271037222812,0.7901537731834746
2018,-0.060000000000000005,1.1,7,0.8489271037222812,0.7932123710365472
2018,-0.060000000000000005,1.2,7,0.6933173890964983,0.6558252431407993
2018,-0.060000000000000005,1.3,7,0.6933173890964983,0.6547138993524483
2018,-0.060000000000000005,1.4,7,0.6933173890964983,0.6265626220388958
2018,-0.060000000000000005,1.5,7,0.6933173890964983,0.6015400918790598
2018,-0.060000000000000005,1.6,7,0.6933173890964983,0.5883791060924646
2018,-0.060000000000000005,1.7000000000000002,7,0.6933173890964983,0.608750112847327
2018,-0.060000000000000005,1.8,7,0.6933173890964983,0.597775589947565
2018,-0.060000000000000005,1.9,7,0.6933173890964983,0.6084262612873996
2018,-0.060000000000000005,2.0,7,0.6933173890964983,0.622823086897993
2018,-0.060000000000000005,2.1,7,0.6933173890964983,0.6290820383399035
2018,-0.060000000000000005,2.2,7,0.6933173890964983,0.6257021844692451
2018,-0.060000000000000005,2.3,7,0.6933173890964983,0.6315981070841333
2018,-0.060000000000000005,2.4000000000000004,7,0.6933173890964983,0.6376133687480637
2018,-0.060000000000000005,2.5,7,0.6933173890964983,0.6293435700285235
2018,-0.060000000000000005,2.6,7,0.6933173890964983,0.6186021569045448
2018,-0.060000000000000005,2.7,7,0.6933173890964983,0.608350564138118
2018,-0.060000000000000005,2.8,7,0.6933173890964983,0.6081467576688137
2018,-0.060000000000000005,2.9000000000000004,7,0.7028073768609796,0.6019771598635559
2018,-0.060000000000000005,3.0,7,0.7028073768609796,0.5985067914706035
2018,-0.060000000000000005,3.1,7,0.7028073768609796,0.5985067914706035
2018,-0.060000000000000005,3.2,7,0.7328930649823819,0.6013318503403052
2018,-0.060000000000000005,3.3000000000000003,7,0.7386527116444727,0.6025594076954871
2018,-0.060000000000000005,3.4000000000000004,7,0.7386527116444727,0.6013117169684745
2018,-0.060000000000000005,3.5,7,0.7386527116444727,0.6093556531993356
2018,-0.060000000000000005,3.6,7,0.7386527116444727,0.5977700338577039
2018,-0.060000000000000005,3.7,7,0.7420086722882069,0.5938336563917186
2018,-0.060000000000000005,3.8000000000000003,7,0.7420086722882069,0.5838854276918518
2018,-0.060000000000000005,3.9000000000000004,7,0.7420086722882069,0.5894909209453394
2018,-0.060000000000000005,4.0,7,0.7420086722882069,0.5968719762254252
2018,-0.060000000000000005,4.1,7,0.7434334824055971,0.5954174725462351
2018,-0.060000000000000005,4.2,7,0.7439523362547497,0.5970179696850583
2018,-0.060000000000000005,4.300000000000001,7,0.7439523362547497,0.608730908626855
2018,-0.060000000000000005,4.4,7,0.7439523362547497,0.6176150399371764
2018,-0.060000000000000005,4.5,7,0.7439523362547497,0.6260396025953211
2018,-0.060000000000000005,4.6,7,0.7439523362547497,0.6312336801662543
2018,-0.060000000000000005,4.7,7,0.7439523362547497,0.6383411491692031
2018,-0.060000000000000005,4.800000000000001,7,0.7439523362547497,0.6496519564156464
2018,-0.060000000000000005,4.9,7,0.7439523362547497,0.6448729335475233
2018,-0.060000000000000005,5.0,7,0.7448027997302248,0.6482965044851888
2018,-0.060000000000000005,5.1000000000000005,7,0.745668794966666,0.6602328989961327
2018,-0.060000000000000005,5.2,7,0.745668794966666,0.665762805597027
2018,-0.060000000000000005,5.3,7,0.745668794966666,0.6596580290810283
2018,-0.060000000000000005,5.4,7,0.745668794966666,0.6578520620120095
2018,-0.060000000000000005,5.5,7,0.745668794966666,0.6618971958930588
2018,-0.060000000000000005,5.6000000000000005,7,0.745668794966666,0.6675472104797444
2018,-0.060000000000000005,5.7,7,0.745668794966666,0.6688401175783278
2018,-0.060000000000000005,5.800000000000001,7,0.745668794966666,0.6573422705675714
2018,-0.060000000000000005,5.9,7,0.745668794966666,0.6583933270945809
2018,-0.060000000000000005,6.0,7,0.745668794966666,0.6603735941419072
2018,-0.060000000000000005,6.1000000000000005,7,0.745668794966666,0.6481342840270965
2018,-0.060000000000000005,6.2,7,0.745668794966666,0.6500277659867251
2018,-0.060000000000000005,6.300000000000001,7,0.745668794966666,0.6276226715095582
2018,-0.060000000000000005,6.4,7,0.745668794966666,0.6329947342841856
2018,-0.060000000000000005,6.5,7,0.745668794966666,0.6244389652838093
2018,-0.060000000000000005,6.6000000000000005,7,0.745668794966666,0.6207172380556912
2018,-0.060000000000000005,6.7,7,0.745668794966666,0.6325273051990014
2018,-0.060000000000000005,6.800000000000001,7,0.745668794966666,0.6377001700231313
2018,-0.060000000000000005,6.9,7,0.745668794966666,0.6318979867693217
2018,-0.060000000000000005,7.0,7,0.745668794966666,0.6405139112197583
2018,-0.060000000000000005,7.1000000000000005,7,0.7486781272645009,0.6400762954274638
2018,-0.060000000000000005,7.2,7,0.7543265186612366,0.6454492553880552
2018,-0.060000000000000005,7.300000000000001,7,0.7569578118796546,0.6287047014545226
2018,-0.060000000000000005,7.4,7,0.7569578118796546,0.6289311923606754
2018,-0.060000000000000005,7.5,7,0.766358801501953,0.6082673522372607
2018,-0.060000000000000005,7.6000000000000005,7,0.7670582591929248,0.5846924554308375
2018,-0.060000000000000005,7.7,7,0.7670582591929248,0.5839758367543862
2018,-0.060000000000000005,7.800000000000001,7,0.7670582591929248,0.5885952470226207
2018,-0.060000000000000005,7.9,7,0.7670582591929248,0.5994732627491591
2018,-0.060000000000000005,8.0,7,0.7675162010643345,0.5911970341679552
2018,-0.060000000000000005,8.100000000000001,7,0.7679825061916491,0.590694017596279
2018,-0.060000000000000005,8.2,7,0.7682441872610261,0.5844217051023952
2018,-0.060000000000000005,8.3,7,0.7685106473337772,0.5877508355413111
2018,-0.060000000000000005,8.4,7,0.7685106473337772,0.5998704329755425
2018,-0.060000000000000005,8.5,7,0.7702271060456936,0.6023301186160649
2018,-0.060000000000000005,8.600000000000001,7,0.7702271060456936,0.6179086269636358
2018,-0.060000000000000005,8.7,7,0.7702271060456936,0.6165571193895836
2018,-0.060000000000000005,8.8,7,0.7702271060456936,0.6406172363940886
2018,-0.060000000000000005,8.9,7,0.7702271060456936,0.654796069019545
2018,-0.060000000000000005,9.0,7,0.7710121492538243,0.6662085211364113
2018,-0.060000000000000005,9.1,7,0.771811529472078,0.6730508649682306
2018,-0.060000000000000005,9.200000000000001,7,0.7834213024795261,0.6732532450531492
2018,-0.060000000000000005,9.3,7,0.7908115377934628,0.6717523608689662
2018,-0.060000000000000005,9.4,7,0.7931430634300357,0.6757356722202923
2018,-0.060000000000000005,9.5,7,0.7931430634300357,0.6874026411827121
2018,-0.060000000000000005,9.6,7,0.7931430634300357,0.6851329515609529
2018,-0.060000000000000005,9.700000000000001,7,0.7931430634300357,0.6742026535168267
2018,-0.060000000000000005,9.8,7,0.7931430634300357,0.68282589880297
2018,-0.060000000000000005,9.9,7,0.7931430634300357,0.6699177737959188
2018,-0.060000000000000005,10.0,7,0.7931430634300357,0.6749658957580617
2018,-0.065,1.0,7,0.8489271037222812,0.7818403739266989
2018,-0.065,1.1,7,0.8489271037222812,0.7958307669493833
2018,-0.065,1.2,7,0.8489271037222812,0.7992348293294551
2018,-0.065,1.3,7,0.6933173890964983,0.66224681434479
2018,-0.065,1.4,7,0.6933173890964983,0.6458448654201814
2018,-0.065,1.5,7,0.6933173890964983,0.5972059174948823
2018,-0.065,1.6,7,0.6933173890964983,0.5846487649900742
2018,-0.065,1.7000000000000002,7,0.6933173890964983,0.5883791060924646
2018,-0.065,1.8,7,0.6933173890964983,0.6046684801942659
2018,-0.065,1.9,7,0.6933173890964983,0.6014232541039638
2018,-0.065,2.0,7,0.6933173890964983,0.6131881660493044
2018,-0.065,2.1,7,0.6933173890964983,0.6246516909448422
2018,-0.065,2.2,7,0.6933173890964983,0.6280835258079411
2018,-0.065,2.3,7,0.6933173890964983,0.6324833988841212
2018,-0.065,2.4000000000000004,7,0.6933173890964983,0.6257021844692451
2018,-0.065,2.5,7,0.6933173890964983,0.6344480876863597
2018,-0.065,2.6,7,0.6933173890964983,0.6414894650592026
2018,-0.065,2.7,7,0.6933173890964983,0.6270492823048863
2018,-0.065,2.8,7,0.6933173890964983,0.6166815211797727
2018,-0.065,2.9000000000000004,7,0.6933173890964983,0.616626251197076
2018,-0.065,3.0,7,0.6933173890964983,0.6081467576688137
2018,-0.065,3.1,7,0.6933173890964983,0.6027750664813715
2018,-0.065,3.2,7,0.7028073768609796,0.605256848674478
2018,-0.065,3.3000000000000003,7,0.7028073768609796,0.5985067914706035
2018,-0.065,3.4000000000000004,7,0.7028073768609796,0.5985067914706035
2018,-0.065,3.5,7,0.7386527116444727,0.5980695508215651
2018,-0.065,3.6,7,0.7386527116444727,0.600237378730986
2018,-0.065,3.7,7,0.7386527116444727,0.600745739138906
2018,-0.065,3.8000000000000003,7,0.7386527116444727,0.6023759953578433
2018,-0.065,3.9000000000000004,7,0.7386527116444727,0.5820276446143214
2018,-0.065,4.0,7,0.7420086722882069,0.5892157146215766
2018,-0.065,4.1,7,0.7420086722882069,0.5811943236712759
2018,-0.065,4.2,7,0.7420086722882069,0.5910526441056961
2018,-0.065,4.300000000000001,7,0.7420086722882069,0.5954043473526582
2018,-0.065,4.4,7,0.7425182204118516,0.5936426198289375
2018,-0.065,4.5,7,0.7439523362547497,0.5970179696850583
2018,-0.065,4.6,7,0.7439523362547497,0.6095020362632555
2018,-0.065,4.7,7,0.7439523362547497,0.6129500640096621
2018,-0.065,4.800000000000001,7,0.7439523362547497,0.6213773493915417
2018,-0.065,4.9,7,0.7439523362547497,0.6290086043935263
2018,-0.065,5.0,7,0.7439523362547497,0.6340272098440757
2018,-0.065,5.1000000000000005,7,0.7439523362547497,0.6417680928388182
2018,-0.065,5.2,7,0.7439523362547497,0.6491656315530429
2018,-0.065,5.3,7,0.7448027997302248,0.6440412950564935
2018,-0.065,5.4,7,0.745668794966666,0.6514689355904882
2018,-0.065,5.5,7,0.745668794966666,0.6599963076944706
2018,-0.065,5.6000000000000005,7,0.745668794966666,0.6602376343690224
2018,-0.065,5.7,7,0.745668794966666,0.6557277430079484
2018,-0.065,5.800000000000001,7,0.745668794966666,0.6618344746664429
2018,-0.065,5.9,7,0.745668794966666,0.6652142658155669
2018,-0.065,6.0,7,0.745668794966666,0.6706359329125237
2018,-0.065,6.1000000000000005,7,0.745668794966666,0.6721960782220622
2018,-0.065,6.2,7,0.745668794966666,0.6583338043941293
2018,-0.065,6.300000000000001,7,0.745668794966666,0.6651840217142874
2018,-0.065,6.4,7,0.745668794966666,0.6602442105937163
2018,-0.065,6.5,7,0.745668794966666,0.6600608298153088
2018,-0.065,6.6000000000000005,7,0.745668794966666,0.6451700612322654
2018,-0.065,6.7,7,0.745668794966666,0.6483588062794995
2018,-0.065,6.800000000000001,7,0.745668794966666,0.638733740899773
2018,-0.065,6.9,7,0.745668794966666,0.6414446275139053
2018,-0.065,7.0,7,0.745668794966666,0.6260441803762731
2018,-0.065,7.1000000000000005,7,0.745668794966666,0.6189783786740312
2018,-0.065,7.2,7,0.745668794966666,0.6230887097045714
2018,-0.065,7.300000000000001,7,0.745668794966666,0.6353357432059549
2018,-0.065,7.4,7,0.745668794966666,0.6323456277016087
2018,-0.065,7.5,7,0.745668794966666,0.6304432091267824
2018,-0.065,7.6000000000000005,7,0.7486781272645009,0.638836029705767
2018,-0.065,7.7,7,0.7543265186612366,0.6371592544245797
2018,-0.065,7.800000000000001,7,0.7555922040068047,0.639851947248541
2018,-0.065,7.9,7,0.7569578118796546,0.6252384765215959
2018,-0.065,8.0,7,0.757644724686769,0.6266104194816947
2018,-0.065,8.100000000000001,7,0.7583441823777408,0.6035051816110496
2018,-0.065,8.2,7,0.7670582591929248,0.5894574451042894
2018,-0.065,8.3,7,0.7670582591929248,0.5829766114815692
2018,-0.065,8.4,7,0.7670582591929248,0.5877447835471455
2018,-0.065,8.5,7,0.7670582591929248,0.5986072675127179
2018,-0.065,8.600000000000001,7,0.7675162010643345,0.5937933515752188
2018,-0.065,8.7,7,0.7679825061916491,0.590694017596279
2018,-0.065,8.8,7,0.7682441872610261,0.5895248117304653
2018,-0.065,8.9,7,0.7685106473337772,0.5888251737787994
2018,-0.065,9.0,7,0.7685106473337772,0.5897835906346789
2018,-0.065,9.1,7,0.7693611108092522,0.6011976633068725
2018,-0.065,9.200000000000001,7,0.7702271060456936,0.6079411555380487
2018,-0.065,9.3,7,0.7702271060456936,0.6198963247516778
2018,-0.065,9.4,7,0.7702271060456936,0.6171566545532737
2018,-0.065,9.5,7,0.7702271060456936,0.6406172363940886
2018,-0.065,9.6,7,0.7702271060456936,0.655057750088922
2018,-0.065,9.700000000000001,7,0.7710121492538243,0.6664749812091625
2018,-0.065,9.8,7,0.7720732105414548,0.6664976814751901
2018,-0.065,9.9,7,0.7760480239745817,0.6648026197150024
2018,-0.065,10.0,7,0.7888419176914008,0.6730057554793694
2018,-0.07,1.0,7,0.8489271037222812,0.7807634900884581
2018,-0.07,1.1,7,0.8489271037222812,0.7837674292161821
2018,-0.07,1.2,7,0.8489271037222812,0.8041413802266554
2018,-0.07,1.3,7,0.6933173890964983,0.660164131020999
2018,-0.07,1.4,7,0.6933173890964983,0.6533777804125231
2018,-0.07,1.5,7,0.6933173890964983,0.6368138589646842
2018,-0.07,1.6,7,0.6933173890964983,0.6060494549098482
2018,-0.07,1.7000000000000002,7,0.6933173890964983,0.5846487649900742
2018,-0.07,1.8,7,0.6933173890964983,0.5883791060924646
2018,-0.07,1.9,7,0.6933173890964983,0.6012362477177194
2018,-0.07,2.0,7,0.6933173890964983,0.6066860105680015
2018,-0.07,2.1,7,0.6933173890964983,0.6168724866667663
2018,-0.07,2.2,7,0.6933173890964983,0.6261956507604823
2018,-0.07,2.3,7,0.6933173890964983,0.6334370820729457
2018,-0.07,2.4000000000000004,7,0.6933173890964983,0.6248008256378375
2018,-0.07,2.5,7,0.6933173890964983,0.6284247877647203
2018,-0.07,2.6,7,0.6933173890964983,0.6269073893661867
2018,-0.07,2.7,7,0.6933173890964983,0.6383241839974986
2018,-0.07,2.8,7,0.6933173890964983,0.6391951773355654
2018,-0.07,2.9000000000000004,7,0.6933173890964983,0.6251286465801142
2018,-0.07,3.0,7,0.6933173890964983,0.6211970244075212
2018,-0.07,3.1,7,0.6933173890964983,0.616626251197076
2018,-0.07,3.2,7,0.6933173890964983,0.5999856715579144
2018,-0.07,3.3000000000000003,7,0.6933173890964983,0.6062666657532089
2018,-0.07,3.4000000000000004,7,0.7028073768609796,0.605256848674478
2018,-0.07,3.5,7,0.7028073768609796,0.5985067914706035
2018,-0.07,3.6,7,0.7028073768609796,0.5977512811726696
2018,-0.07,3.7,7,0.7328930649823819,0.6005763400423714
2018,-0.07,3.8000000000000003,7,0.7386527116444727,0.5992178902500165
2018,-0.07,3.9000000000000004,7,0.7386527116444727,0.6023572464951387
2018,-0.07,4.0,7,0.7386527116444727,0.5937660812974136
2018,-0.07,4.1,7,0.7386527116444727,0.5884241698436081
2018,-0.07,4.2,7,0.7386527116444727,0.5842519337040254
2018,-0.07,4.300000000000001,7,0.7420086722882069,0.582536968395566
2018,-0.07,4.4,7,0.7420086722882069,0.5811943236712759
2018,-0.07,4.5,7,0.7420086722882069,0.5910526441056961
2018,-0.07,4.6,7,0.7420086722882069,0.5866800781900914
2018,-0.07,4.7,7,0.7425182204118516,0.5966125253489347
2018,-0.07,4.800000000000001,7,0.7439523362547497,0.591984474846743
2018,-0.07,4.9,7,0.7439523362547497,0.6040469033401884
2018,-0.07,5.0,7,0.7439523362547497,0.6129500640096621
2018,-0.07,5.1000000000000005,7,0.7439523362547497,0.6240704319181232
2018,-0.07,5.2,7,0.7439523362547497,0.6273306240716593
2018,-0.07,5.3,7,0.7439523362547497,0.6327571013935597
2018,-0.07,5.4,7,0.7439523362547497,0.6374541535136906
2018,-0.07,5.5,7,0.7439523362547497,0.6414126085109031
2018,-0.07,5.6000000000000005,7,0.7439523362547497,0.6482709622963562
2018,-0.07,5.7,7,0.7448027997302248,0.6470138811072296
2018,-0.07,5.800000000000001,7,0.745668794966666,0.648383953208915
2018,-0.07,5.9,7,0.745668794966666,0.6578646271124612
2018,-0.07,6.0,7,0.745668794966666,0.6579479250119743
2018,-0.07,6.1000000000000005,7,0.745668794966666,0.6549326610303546
2018,-0.07,6.2,7,0.745668794966666,0.6562413655498215
2018,-0.07,6.300000000000001,7,0.745668794966666,0.6612224005310811
2018,-0.07,6.4,7,0.745668794966666,0.6644355895747306
2018,-0.07,6.5,7,0.745668794966666,0.6720831444991179
2018,-0.07,6.6000000000000005,7,0.745668794966666,0.6653464747547464
2018,-0.07,6.7,7,0.745668794966666,0.6602465239080785
2018,-0.07,6.800000000000001,7,0.745668794966666,0.6670349052134228
2018,-0.07,6.9,7,0.745668794966666,0.6600620696183264
2018,-0.07,7.0,7,0.745668794966666,0.6606938180026187
2018,-0.07,7.1000000000000005,7,0.745668794966666,0.6435011015250397
2018,-0.07,7.2,7,0.745668794966666,0.6433868659613378
2018,-0.07,7.300000000000001,7,0.745668794966666,0.6336709995175005
2018,-0.07,7.4,7,0.745668794966666,0.6437343368709535
2018,-0.07,7.5,7,0.745668794966666,0.6283160205552075
2018,-0.07,7.6000000000000005,7,0.745668794966666,0.6232615409378578
2018,-0.07,7.7,7,0.745668794966666,0.6226537070719858
2018,-0.07,7.800000000000001,7,0.745668794966666,0.6351358981513915
2018,-0.07,7.9,7,0.745668794966666,0.6379845513585359
2018,-0.07,8.0,7,0.745668794966666,0.6290267417511846
2018,-0.07,8.100000000000001,7,0.7486781272645009,0.635095889736199
2018,-0.07,8.2,7,0.7529854031806797,0.6355745743453037
2018,-0.07,8.3,7,0.7555922040068047,0.6315619462850653
2018,-0.07,8.4,7,0.7569578118796546,0.6332567541015791
2018,-0.07,8.5,7,0.7569578118796546,0.6210179808734194
2018,-0.07,8.600000000000001,7,0.757644724686769,0.6221522832955382
2018,-0.07,8.7,7,0.7583441823777408,0.5981998751728972
2018,-0.07,8.8,7,0.7670582591929248,0.5935330837699745
2018,-0.07,8.9,7,0.7670582591929248,0.5795182523876786
2018,-0.07,9.0,7,0.7670582591929248,0.5839116112378855
2018,-0.07,9.1,7,0.7670582591929248,0.5904900452739164
2018,-0.07,9.200000000000001,7,0.7675162010643345,0.5959121853213766
2018,-0.07,9.3,7,0.7679825061916491,0.5861877655445914
2018,-0.07,9.4,7,0.7682441872610261,0.5925389273411968
2018,-0.07,9.5,7,0.7685106473337772,0.5874777934442621
2018,-0.07,9.6,7,0.7685106473337772,0.5863985154422663
2018,-0.07,9.700000000000001,7,0.7693611108092522,0.5882977494702067
2018,-0.07,9.8,7,0.7702271060456936,0.6023301186160649
2018,-0.07,9.9,7,0.7702271060456936,0.6085299379441469
2018,-0.07,10.0,7,0.7702271060456936,0.6246173367580546
2018,-0.07500000000000001,1.0,7,0.8489271037222812,0.7792422214598451
2018,-0.07500000000000001,1.1,7,0.8489271037222812,0.7818403739266989
2018,-0.07500000000000001,1.2,7,0.8489271037222812,0.7984643864607468
2018,-0.07500000000000001,1.3,7,0.8489271037222812,0.8126492423915679
2018,-0.07500000000000001,1.4,7,0.6933173890964983,0.6560102482421536
2018,-0.07500000000000001,1.5,7,0.6933173890964983,0.6559890191841964
2018,-0.07500000000000001,1.6,7,0.6933173890964983,0.6212550548282226
2018,-0.07500000000000001,1.7000000000000002,7,0.6933173890964983,0.5891581280208626
2018,-0.07500000000000001,1.8,7,0.6933173890964983,0.5846487649900742
2018,-0.07500000000000001,1.9,7,0.6933173890964983,0.5945874298450514
2018,-0.07500000000000001,2.0,7,0.6933173890964983,0.606877680127724
2018,-0.07500000000000001,2.1,7,0.6933173890964983,0.6109310705148857
2018,-0.07500000000000001,2.2,7,0.6933173890964983,0.6156703927622845
2018,-0.07500000000000001,2.3,7,0.6933173890964983,0.6395700983512039
2018,-0.07500000000000001,2.4000000000000004,7,0.6933173890964983,0.6267022440310314
2018,-0.07500000000000001,2.5,7,0.6933173890964983,0.6334370820729457
2018,-0.07500000000000001,2.6,7,0.6933173890964983,0.6243531847055507
2018,-0.07500000000000001,2.7,7,0.6933173890964983,0.6287530577817309
2018,-0.07500000000000001,2.8,7,0.6933173890964983,0.6307834856773255
2018,-0.07500000000000001,2.9000000000000004,7,0.6933173890964983,0.6360298962738613
2018,-0.07500000000000001,3.0,7,0.6933173890964983,0.6436296943016987
2018,-0.07500000000000001,3.1,7,0.6933173890964983,0.6251286465801142
2018,-0.07500000000000001,3.2,7,0.6933173890964983,0.6268373001543356
2018,-0.07500000000000001,3.3000000000000003,7,0.6933173890964983,0.616626251197076
2018,-0.07500000000000001,3.4000000000000004,7,0.6933173890964983,0.5999856715579144
2018,-0.07500000000000001,3.5,7,0.6933173890964983,0.6081467576688137
2018,-0.07500000000000001,3.6,7,0.6933173890964983,0.5980080769306125
2018,-0.07500000000000001,3.7,7,0.7028073768609796,0.605256848674478
2018,-0.07500000000000001,3.8000000000000003,7,0.7028073768609796,0.5977512811726696
2018,-0.07500000000000001,3.9000000000000004,7,0.7028073768609796,0.5969819732153495
2018,-0.07500000000000001,4.0,7,0.7328930649823819,0.5997416118177071
2018,-0.07500000000000001,4.1,7,0.7386527116444727,0.6027702089974871
2018,-0.07500000000000001,4.2,7,0.7386527116444727,0.5953775886536462
2018,-0.07500000000000001,4.300000000000001,7,0.7386527116444727,0.5787299094741293
2018,-0.07500000000000001,4.4,7,0.7386527116444727,0.5906484589333122
2018,-0.07500000000000001,4.5,7,0.7386527116444727,0.5818989025522684
2018,-0.07500000000000001,4.6,7,0.7420086722882069,0.5884462979717312
2018,-0.07500000000000001,4.7,7,0.7420086722882069,0.5885908420417616
2018,-0.07500000000000001,4.800000000000001,7,0.7420086722882069,0.5895850152329293
2018,-0.07500000000000001,4.9,7,0.7425182204118516,0.5845221130895236
2018,-0.07500000000000001,5.0,7,0.743037074261004,0.5980780557490663
2018,-0.07500000000000001,5.1000000000000005,7,0.7439523362547497,0.6002752988415182
2018,-0.07500000000000001,5.2,7,0.7439523362547497,0.6027812179946201
2018,-0.07500000000000001,5.3,7,0.7439523362547497,0.6107118593482278
2018,-0.07500000000000001,5.4,7,0.7439523362547497,0.6163411651539702
2018,-0.07500000000000001,5.5,7,0.7439523362547497,0.624422623022559
2018,-0.07500000000000001,5.6000000000000005,7,0.7439523362547497,0.6319811904442624
2018,-0.07500000000000001,5.7,7,0.7439523362547497,0.6328280844194403
2018,-0.07500000000000001,5.800000000000001,7,0.7439523362547497,0.641336336678091
2018,-0.07500000000000001,5.9,7,0.7439523362547497,0.6431159249635403
2018,-0.07500000000000001,6.0,7,0.7448027997302248,0.6557842092570156
2018,-0.07500000000000001,6.1000000000000005,7,0.745668794966666,0.648305160208375
2018,-0.07500000000000001,6.2,7,0.745668794966666,0.6502408104622682
2018,-0.07500000000000001,6.300000000000001,7,0.745668794966666,0.6544711364664659
2018,-0.07500000000000001,6.4,7,0.745668794966666,0.6548026821470251
2018,-0.07500000000000001,6.5,7,0.745668794966666,0.6557320412486083
2018,-0.07500000000000001,6.6000000000000005,7,0.745668794966666,0.657037571197957
2018,-0.07500000000000001,6.7,7,0.745668794966666,0.6653029435865309
2018,-0.07500000000000001,6.800000000000001,7,0.745668794966666,0.6667005001931158
2018,-0.07500000000000001,6.9,7,0.745668794966666,0.6682931179390892
2018,-0.07500000000000001,7.0,7,0.745668794966666,0.6725754575668483
2018,-0.07500000000000001,7.1000000000000005,7,0.745668794966666,0.6602465239080785
2018,-0.07500000000000001,7.2,7,0.745668794966666,0.6640603037337494
2018,-0.07500000000000001,7.300000000000001,7,0.745668794966666,0.6614810730505907
2018,-0.07500000000000001,7.4,7,0.745668794966666,0.6595829132607844
2018,-0.07500000000000001,7.5,7,0.745668794966666,0.6485493957591697
2018,-0.07500000000000001,7.6000000000000005,7,0.745668794966666,0.6435011015250397
2018,-0.07500000000000001,7.7,7,0.745668794966666,0.6499978972156361
2018,-0.07500000000000001,7.800000000000001,7,0.745668794966666,0.6369282579326928
2018,-0.07500000000000001,7.9,7,0.745668794966666,0.6404035859615637
2018,-0.07500000000000001,8.0,7,0.745668794966666,0.6337376263054398
2018,-0.07500000000000001,8.100000000000001,7,0.745668794966666,0.6257033103640081
2018,-0.07500000000000001,8.2,7,0.745668794966666,0.6221180996456585
2018,-0.07500000000000001,8.3,7,0.745668794966666,0.6256973026569616
2018,-0.07500000000000001,8.4,7,0.745668794966666,0.6356201245413595
2018,-0.07500000000000001,8.5,7,0.745668794966666,0.6325881440101851
2018,-0.07500000000000001,8.600000000000001,7,0.7486781272645009,0.6303670361018462
2018,-0.07500000000000001,8.7,7,0.7527189431079286,0.6366766701979503
2018,-0.07500000000000001,8.8,7,0.7555922040068047,0.6285908022918594
2018,-0.07500000000000001,8.9,7,0.7569578118796546,0.6304812717296607
2018,-0.07500000000000001,9.0,7,0.7569578118796546,0.6307682489262854
2018,-0.07500000000000001,9.1,7,0.757644724686769,0.6198962783218189
2018,-0.07500000000000001,9.200000000000001,7,0.7583441823777408,0.620440603586996
2018,-0.07500000000000001,9.3,7,0.7583441823777408,0.5960861158535412
2018,-0.07500000000000001,9.4,7,0.7670582591929248,0.5981314077441755
2018,-0.07500000000000001,9.5,7,0.7670582591929248,0.5798513274786175
2018,-0.07500000000000001,9.6,7,0.7670582591929248,0.5867901030010317
2018,-0.07500000000000001,9.700000000000001,7,0.7675162010643345,0.589574161531097
2018,-0.07500000000000001,9.8,7,0.7679825061916491,0.5948814446657312
2018,-0.07500000000000001,9.9,7,0.7679825061916491,0.5887840829518552
2018,-0.07500000000000001,10.0,7,0.7682441872610261,0.5925389273411968
2018,-0.08,1.0,7,0.8489271037222812,0.780035984710037
2018,-0.08,1.1,7,0.8489271037222812,0.7721545733653032
2018,-0.08,1.2,7,0.8489271037222812,0.790150987203971
2018,-0.08,1.3,7,0.8489271037222812,0.7984643864607468
2018,-0.08,1.4,7,0.8489271037222812,0.8126492423915679
2018,-0.08,1.5,7,0.6933173890964983,0.6560102482421536
2018,-0.08,1.6,7,0.6933173890964983,0.6243822955722246
2018,-0.08,1.7000000000000002,7,0.6933173890964983,0.6212550548282226
2018,-0.08,1.8,7,0.6933173890964983,0.5891581280208626
2018,-0.08,1.9,7,0.6933173890964983,0.5846487649900742
2018,-0.08,2.0,7,0.6933173890964983,0.5945874298450514
2018,-0.08,2.1,7,0.6933173890964983,0.606877680127724
2018,-0.08,2.2,7,0.6933173890964983,0.6109310705148857
2018,-0.08,2.3,7,0.6933173890964983,0.6180348195794609
2018,-0.08,2.4000000000000004,7,0.6933173890964983,0.6317903714043654
2018,-0.08,2.5,7,0.6933173890964983,0.637869062808514
2018,-0.08,2.6,7,0.6933173890964983,0.6334370820729457
2018,-0.08,2.7,7,0.6933173890964983,0.6248008256378375
2018,-0.08,2.8,7,0.6933173890964983,0.6250234272205027
2018,-0.08,2.9000000000000004,7,0.6933173890964983,0.6295782807803839
2018,-0.08,3.0,7,0.6933173890964983,0.6307834856773255
2018,-0.08,3.1,7,0.6933173890964983,0.6360298962738613
2018,-0.08,3.2,7,0.6933173890964983,0.6372745416107932
2018,-0.08,3.3000000000000003,7,0.6933173890964983,0.6296441498078629
2018,-0.08,3.4000000000000004,7,0.6933173890964983,0.6268373001543356
2018,-0.08,3.5,7,0.6933173890964983,0.6197000522654458
2018,-0.08,3.6,7,0.6933173890964983,0.5965820310604741
2018,-0.08,3.7,7,0.6933173890964983,0.6081467576688137
2018,-0.08,3.8000000000000003,7,0.6933173890964983,0.6027750664813715
2018,-0.08,3.9000000000000004,7,0.7028073768609796,0.605256848674478
2018,-0.08,4.0,7,0.7028073768609796,0.5977512811726696
2018,-0.08,4.1,7,0.7028073768609796,0.5969819732153495
2018,-0.08,4.2,7,0.7328930649823819,0.5997416118177071
2018,-0.08,4.300000000000001,7,0.7386527116444727,0.598280352123565
2018,-0.08,4.4,7,0.7386527116444727,0.5892485244215713
2018,-0.08,4.5,7,0.7386527116444727,0.58891593188943
2018,-0.08,4.6,7,0.7386527116444727,0.5874450419552021
2018,-0.08,4.7,7,0.7386527116444727,0.5882954277815552
2018,-0.08,4.800000000000001,7,0.7386527116444727,0.5779297717594544
2018,-0.08,4.9,7,0.7420086722882069,0.5831837115348953
2018,-0.08,5.0,7,0.7420086722882069,0.5885908420417616
2018,-0.08,5.1000000000000005,7,0.7420086722882069,0.5874261464105696
2018,-0.08,5.2,7,0.7425182204118516,0.5823238174893264
2018,-0.08,5.3,7,0.743037074261004,0.5955229493498594
2018,-0.08,5.4,7,0.743037074261004,0.6034405799032221
2018,-0.08,5.5,7,0.7439523362547497,0.6025524024961838
2018,-0.08,5.6000000000000005,7,0.7439523362547497,0.6062127538359219
2018,-0.08,5.7,7,0.7439523362547497,0.6163411651539702
2018,-0.08,5.800000000000001,7,0.7439523362547497,0.627087223750071
2018,-0.08,5.9,7,0.7439523362547497,0.6273189372404829
2018,-0.08,6.0,7,0.7439523362547497,0.6354081341138774
2018,-0.08,6.1000000000000005,7,0.7439523362547497,0.6348449341450356
2018,-0.08,6.2,7,0.7439523362547497,0.6430396531307282
2018,-0.08,6.300000000000001,7,0.7448027997302248,0.6457631388246226
2018,-0.08,6.4,7,0.745668794966666,0.658956640362315
2018,-0.08,6.5,7,0.745668794966666,0.6476106270353033
2018,-0.08,6.6000000000000005,7,0.745668794966666,0.644249334106949
2018,-0.08,6.7,7,0.745668794966666,0.6505797186203628
2018,-0.08,6.800000000000001,7,0.745668794966666,0.6501067296932758
2018,-0.08,6.9,7,0.745668794966666,0.6549474643522827
2018,-0.08,7.0,7,0.745668794966666,0.6569376486706754
2018,-0.08,7.1000000000000005,7,0.745668794966666,0.6665020139139112
2018,-0.08,7.2,7,0.745668794966666,0.6667005001931158
2018,-0.08,7.300000000000001,7,0.745668794966666,0.6637282812849021
2018,-0.08,7.4,7,0.745668794966666,0.6732619040621576
2018,-0.08,7.5,7,0.745668794966666,0.6714212795024229
2018,-0.08,7.6000000000000005,7,0.745668794966666,0.662097407407214
2018,-0.08,7.7,7,0.745668794966666,0.6672802338437395
2018,-0.08,7.800000000000001,7,0.745668794966666,0.6628336841786873
2018,-0.08,7.9,7,0.745668794966666,0.6585698288668683
2018,-0.08,8.0,7,0.745668794966666,0.6433719317425856
2018,-0.08,8.100000000000001,7,0.745668794966666,0.6451401924611764
2018,-0.08,8.2,7,0.745668794966666,0.6517685149470162
2018,-0.08,8.3,7,0.745668794966666,0.639217967289741
2018,-0.08,8.4,7,0.745668794966666,0.6428659521328249
2018,-0.08,8.5,7,0.745668794966666,0.6332606816793183
2018,-0.08,8.600000000000001,7,0.745668794966666,0.630508435831173
2018,-0.08,8.7,7,0.745668794966666,0.6263031315084688
2018,-0.08,8.8,7,0.745668794966666,0.6246080973509336
2018,-0.08,8.9,7,0.745668794966666,0.6347541293049181
2018,-0.08,9.0,7,0.745668794966666,0.6365273842143093
2018,-0.08,9.1,7,0.7486781272645009,0.6290837987626238
2018,-0.08,9.200000000000001,7,0.7527189431079286,0.6266059681049744
2018,-0.08,9.3,7,0.7555922040068047,0.6321350469672705
2018,-0.08,9.4,7,0.7569578118796546,0.6269109989012549
2018,-0.08,9.5,7,0.7569578118796546,0.6268152017421708
2018,-0.08,9.6,7,0.757644724686769,0.6244813407410731
2018,-0.08,9.700000000000001,7,0.7583441823777408,0.6153715271174748
2018,-0.08,9.8,7,0.7583441823777408,0.6151352971488437
2018,-0.08,9.9,7,0.7583441823777408,0.609092920058468
2018,-0.08,10.0,7,0.7670582591929248,0.5971321824713585
2018,-0.085,1.0,7,0.4805758976570006,0.36790212063779243
2018,-0.085,1.1,7,0.8489271037222812,0.7786754404923499
2018,-0.085,1.2,7,0.8489271037222812,0.7807634900884581
2018,-0.085,1.3,7,0.8489271037222812,0.7965373311712635
2018,-0.085,1.4,7,0.8489271037222812,0.8069267739912682
2018,-0.085,1.5,7,0.8489271037222812,0.801116337912074
2018,-0.085,1.6,7,0.6933173890964983,0.6463875902835567
2018,-0.085,1.7000000000000002,7,0.6933173890964983,0.6243822955722246
2018,-0.085,1.8,7,0.6933173890964983,0.6043637279392371
2018,-0.085,1.9,7,0.6933173890964983,0.5891581280208626
2018,-0.085,2.0,7,0.6933173890964983,0.5846487649900742
2018,-0.085,2.1,7,0.6933173890964983,0.5945874298450514
2018,-0.085,2.2,7,0.6933173890964983,0.606877680127724
2018,-0.085,2.3,7,0.6933173890964983,0.6074988380383394
2018,-0.085,2.4000000000000004,7,0.6933173890964983,0.6245808133827211
2018,-0.085,2.5,7,0.6933173890964983,0.6317903714043654
2018,-0.085,2.6,7,0.6933173890964983,0.637869062808514
2018,-0.085,2.7,7,0.6933173890964983,0.6267022440310314
2018,-0.085,2.8,7,0.6933173890964983,0.6334370820729457
2018,-0.085,2.9000000000000004,7,0.6933173890964983,0.6243531847055507
2018,-0.085,3.0,7,0.6933173890964983,0.6284247877647203
2018,-0.085,3.1,7,0.6933173890964983,0.6319656990859137
2018,-0.085,3.2,7,0.6933173890964983,0.6313391785559147
2018,-0.085,3.3000000000000003,7,0.6933173890964983,0.6341092605490893
2018,-0.085,3.4000000000000004,7,0.6933173890964983,0.6272566359036288
2018,-0.085,3.5,7,0.6933173890964983,0.6296441498078629
2018,-0.085,3.6,7,0.6933173890964983,0.6268373001543356
2018,-0.085,3.7,7,0.6933173890964983,0.6197000522654458
2018,-0.085,3.8000000000000003,7,0.6933173890964983,0.6036753115120034
2018,-0.085,3.9000000000000004,7,0.6933173890964983,0.5999856715579144
2018,-0.085,4.0,7,0.6933173890964983,0.6062666657532089
2018,-0.085,4.1,7,0.7028073768609796,0.6019771598635559
2018,-0.085,4.2,7,0.7028073768609796,0.6045013383765443
2018,-0.085,4.300000000000001,7,0.7028073768609796,0.5922062936992205
2018,-0.085,4.4,7,0.7028073768609796,0.5969165529480053
2018,-0.085,4.5,7,0.7328930649823819,0.6007871413443714
2018,-0.085,4.6,7,0.7386527116444727,0.5950501091534826
2018,-0.085,4.7,7,0.7386527116444727,0.5878415936519417
2018,-0.085,4.800000000000001,7,0.7386527116444727,0.5814257631394113
2018,-0.085,4.9,7,0.7386527116444727,0.5816495353728639
2018,-0.085,5.0,7,0.7386527116444727,0.5831272266613607
2018,-0.085,5.1000000000000005,7,0.7386527116444727,0.5826400310082391
2018,-0.085,5.2,7,0.7420086722882069,0.590008021132088
2018,-0.085,5.3,7,0.7420086722882069,0.58625777403324
2018,-0.085,5.4,7,0.7425182204118516,0.5852681813100017
2018,-0.085,5.5,7,0.7425182204118516,0.5882380868299989
2018,-0.085,5.6000000000000005,7,0.743037074261004,0.5955229493498594
2018,-0.085,5.7,7,0.743037074261004,0.6051069894041964
2018,-0.085,5.800000000000001,7,0.7439523362547497,0.6014301633876868
2018,-0.085,5.9,7,0.7439523362547497,0.6066305520393895
2018,-0.085,6.0,7,0.7439523362547497,0.6155018758744797
2018,-0.085,6.1000000000000005,7,0.7439523362547497,0.619357956985918
2018,-0.085,6.2,7,0.7439523362547497,0.6273952090732952
2018,-0.085,6.300000000000001,7,0.7439523362547497,0.6337301537920103
2018,-0.085,6.4,7,0.7439523362547497,0.6383799511616847
2018,-0.085,6.5,7,0.7439523362547497,0.6388019856384127
2018,-0.085,6.6000000000000005,7,0.7448027997302248,0.6422080146396985
2018,-0.085,6.7,7,0.7448027997302248,0.6471369644388514
2018,-0.085,6.800000000000001,7,0.745668794966666,0.6568631918072996
2018,-0.085,6.9,7,0.745668794966666,0.6480685689067129
2018,-0.085,7.0,7,0.745668794966666,0.6447156392342636
2018,-0.085,7.1000000000000005,7,0.745668794966666,0.6474344757554136
2018,-0.085,7.2,7,0.745668794966666,0.65106966057989
2018,-0.085,7.300000000000001,7,0.745668794966666,0.6551140018977522
2018,-0.085,7.4,7,0.745668794966666,0.6583105416612939
2018,-0.085,7.5,7,0.745668794966666,0.6665020139139112
2018,-0.085,7.6000000000000005,7,0.745668794966666,0.6565301842503922
2018,-0.085,7.7,7,0.745668794966666,0.6668170037176814
2018,-0.085,7.800000000000001,7,0.745668794966666,0.6732619040621576
2018,-0.085,7.9,7,0.745668794966666,0.6742264960114206
2018,-0.085,8.0,7,0.745668794966666,0.661029601747844
2018,-0.085,8.100000000000001,7,0.745668794966666,0.6682717676702973
2018,-0.085,8.2,7,0.745668794966666,0.6626546278057726
2018,-0.085,8.3,7,0.745668794966666,0.6584504579515918
2018,-0.085,8.4,7,0.745668794966666,0.6578924029862006
2018,-0.085,8.5,7,0.745668794966666,0.6383999914244238
2018,-0.085,8.600000000000001,7,0.745668794966666,0.6400774510789038
2018,-0.085,8.7,7,0.745668794966666,0.6484975015798043
2018,-0.085,8.8,7,0.745668794966666,0.6397667711268372
2018,-0.085,8.9,7,0.745668794966666,0.6365353900094172
2018,-0.085,9.0,7,0.745668794966666,0.6395728945729676
2018,-0.085,9.1,7,0.745668794966666,0.630252489571502
2018,-0.085,9.200000000000001,7,0.745668794966666,0.6263031315084688
2018,-0.085,9.3,7,0.745668794966666,0.6210778227018697
2018,-0.085,9.4,7,0.745668794966666,0.6253155338104882
2018,-0.085,9.5,7,0.745668794966666,0.6341629573971329
2018,-0.085,9.6,7,0.7486781272645009,0.6326452010216244
2018,-0.085,9.700000000000001,7,0.7527189431079286,0.6253227307657522
2018,-0.085,9.8,7,0.7543265186612366,0.6306568695635395
2018,-0.085,9.9,7,0.7569578118796546,0.6256707331795581
2018,-0.085,10.0,7,0.7569578118796546,0.6234447739683283
2018,-0.09,1.0,7,0.4805758976570006,0.37721983125822733
2018,-0.09,1.1,7,0.8489271037222812,0.781452937128775
2018,-0.09,1.2,7,0.8489271037222812,0.7721545733653032
2018,-0.09,1.3,7,0.8489271037222812,0.790150987203971
2018,-0.09,1.4,7,0.8489271037222812,0.8069267739912682
2018,-0.09,1.5,7,0.8489271037222812,0.8071815690035189
2018,-0.09,1.6,7,0.8489271037222812,0.7920853314565769
2018,-0.09,1.7000000000000002,7,0.6933173890964983,0.6297992120028353
2018,-0.09,1.8,7,0.6933173890964983,0.607490968683239
2018,-0.09,1.9,7,0.6933173890964983,0.6043637279392371
2018,-0.09,2.0,7,0.6933173890964983,0.5966411212181415
2018,-0.09,2.1,7,0.6933173890964983,0.590857088742661
2018,-0.09,2.2,7,0.6933173890964983,0.5945874298450514
2018,-0.09,2.3,7,0.6933173890964983,0.606877680127724
2018,-0.09,2.4000000000000004,7,0.6933173890964983,0.6100639626885754
2018,-0.09,2.5,7,0.6933173890964983,0.6204991807296599
2018,-0.09,2.6,7,0.6933173890964983,0.6297082316274925
2018,-0.09,2.7,7,0.6933173890964983,0.6317903714043654
2018,-0.09,2.8,7,0.6933173890964983,0.637869062808514
2018,-0.09,2.9000000000000004,7,0.6933173890964983,0.6324455482463878
2018,-0.09,3.0,7,0.6933173890964983,0.6301543819028421
2018,-0.09,3.1,7,0.6933173890964983,0.6243531847055507
2018,-0.09,3.2,7,0.6933173890964983,0.6326291540928696
2018,-0.09,3.3000000000000003,7,0.6933173890964983,0.6296714113622767
2018,-0.09,3.4000000000000004,7,0.6933173890964983,0.6341092605490893
2018,-0.09,3.5,7,0.6933173890964983,0.6341092605490893
2018,-0.09,3.6,7,0.6933173890964983,0.6272566359036288
2018,-0.09,3.7,7,0.6933173890964983,0.6296441498078629
2018,-0.09,3.8000000000000003,7,0.6933173890964983,0.6268373001543356
2018,-0.09,3.9000000000000004,7,0.6933173890964983,0.6197000522654458
2018,-0.09,4.0,7,0.6933173890964983,0.607435495343213
2018,-0.09,4.1,7,0.6933173890964983,0.5999856715579144
2018,-0.09,4.2,7,0.6933173890964983,0.6062666657532089
2018,-0.09,4.300000000000001,7,0.6933173890964983,0.5980080769306125
2018,-0.09,4.4,7,0.7028073768609796,0.6045013383765443
2018,-0.09,4.5,7,0.7028073768609796,0.5922062936992205
2018,-0.09,4.6,7,0.7028073768609796,0.5969165529480053
2018,-0.09,4.7,7,0.7028073768609796,0.5979620824746696
2018,-0.09,4.800000000000001,7,0.7328930649823819,0.5955738307211732
2018,-0.09,4.9,7,0.7386527116444727,0.5893288943917784
2018,-0.09,5.0,7,0.7386527116444727,0.5814257631394113
2018,-0.09,5.1000000000000005,7,0.7386527116444727,0.5820385448728825
2018,-0.09,5.2,7,0.7386527116444727,0.5850920108034451
2018,-0.09,5.3,7,0.7386527116444727,0.5869475652201872
2018,-0.09,5.4,7,0.7386527116444727,0.5773774445714033
2018,-0.09,5.5,7,0.7420086722882069,0.590008021132088
2018,-0.09,5.6000000000000005,7,0.7420086722882069,0.5840989052108803
2018,-0.09,5.7,7,0.7425182204118516,0.5804038165124846
2018,-0.09,5.800000000000001,7,0.743037074261004,0.5897036172301304
2018,-0.09,5.9,7,0.743037074261004,0.5929771503669476
2018,-0.09,6.0,7,0.743037074261004,0.6051069894041964
2018,-0.09,6.1000000000000005,7,0.7439523362547497,0.6044944542243254
2018,-0.09,6.2,7,0.7439523362547497,0.6064017365409532
2018,-0.09,6.300000000000001,7,0.7439523362547497,0.6096289447479447
2018,-0.09,6.4,7,0.7439523362547497,0.619357956985918
2018,-0.09,6.5,7,0.7439523362547497,0.6273952090732952
2018,-0.09,6.6000000000000005,7,0.7439523362547497,0.6308221527429101
2018,-0.09,6.7,7,0.7439523362547497,0.6359260598905204
2018,-0.09,6.800000000000001,7,0.7439523362547497,0.6359617907716351
2018,-0.09,6.9,7,0.7439523362547497,0.6362039999290887
2018,-0.09,7.0,7,0.7448027997302248,0.6438067750762057
2018,-0.09,7.1000000000000005,7,0.745668794966666,0.6548085010564569
2018,-0.09,7.2,7,0.745668794966666,0.658720049060653
2018,-0.09,7.300000000000001,7,0.745668794966666,0.6420770925513937
2018,-0.09,7.4,7,0.745668794966666,0.6424259298772154
2018,-0.09,7.5,7,0.745668794966666,0.6451029501188408
2018,-0.09,7.6000000000000005,7,0.745668794966666,0.65106966057989
2018,-0.09,7.7,7,0.745668794966666,0.6551140018977522
2018,-0.09,7.800000000000001,7,0.745668794966666,0.6605348307509978
2018,-0.09,7.9,7,0.745668794966666,0.6661206547498504
2018,-0.09,8.0,7,0.745668794966666,0.6680473015915096
2018,-0.09,8.100000000000001,7,0.745668794966666,0.6668170037176814
2018,-0.09,8.2,7,0.745668794966666,0.6640565773724668
2018,-0.09,8.3,7,0.745668794966666,0.6749129425067298
2018,-0.09,8.4,7,0.745668794966666,0.6732721630015586
2018,-0.09,8.5,7,0.745668794966666,0.6653173375172041
2018,-0.09,8.600000000000001,7,0.745668794966666,0.668632844971836
2018,-0.09,8.7,7,0.745668794966666,0.6598694613838562
2018,-0.09,8.8,7,0.745668794966666,0.6565852374423337
2018,-0.09,8.9,7,0.745668794966666,0.6578924029862006
2018,-0.09,9.0,7,0.745668794966666,0.6450110226787222
2018,-0.09,9.1,7,0.745668794966666,0.6433347094940961
2018,-0.09,9.200000000000001,7,0.745668794966666,0.6507872109368525
2018,-0.09,9.3,7,0.745668794966666,0.6442122049512143
2018,-0.09,9.4,7,0.745668794966666,0.6368975909814977
2018,-0.09,9.5,7,0.745668794966666,0.6398060471366248
2018,-0.09,9.6,7,0.745668794966666,0.6318179424989153
2018,-0.09,9.700000000000001,7,0.745668794966666,0.6283119033163984
2018,-0.09,9.8,7,0.745668794966666,0.6239725673973247
2018,-0.09,9.9,7,0.745668794966666,0.6253155338104882
2018,-0.09,10.0,7,0.745668794966666,0.6341629573971329
2018,-0.095,1.0,7,0.4805758976570006,0.3775261457365589
2018,-0.095,1.1,7,0.4805758976570006,0.3719829436037572
2018,-0.095,1.2,7,0.8489271037222812,0.7786754404923499
2018,-0.095,1.3,7,0.8489271037222812,0.7890741033657304
2018,-0.095,1.4,7,0.8489271037222812,0.7986133747344926
2018,-0.095,1.5,7,0.8489271037222812,0.7980577400590014
2018,-0.095,1.6,7,0.8489271037222812,0.8037802084593011
2018,-0.095,1.7000000000000002,7,0.8489271037222812,0.7779239493449126
2018,-0.095,1.8,7,0.6933173890964983,0.6297992120028353
2018,-0.095,1.9,7,0.6933173890964983,0.607490968683239
2018,-0.095,2.0,7,0.6933173890964983,0.6047450871032977
2018,-0.095,2.1,7,0.6933173890964983,0.5966411212181415
2018,-0.095,2.2,7,0.6933173890964983,0.590857088742661
2018,-0.095,2.3,7,0.6933173890964983,0.6009091343638994
2018,-0.095,2.4000000000000004,7,0.6933173890964983,0.6100639626885754
2018,-0.095,2.5,7,0.6933173890964983,0.6215280102528759
2018,-0.095,2.6,7,0.6933173890964983,0.6204991807296599
2018,-0.095,2.7,7,0.6933173890964983,0.6349709880915303
2018,-0.095,2.8,7,0.6933173890964983,0.6317903714043654
2018,-0.095,2.9000000000000004,7,0.6933173890964983,0.637869062808514
2018,-0.095,3.0,7,0.6933173890964983,0.630287020173202
2018,-0.095,3.1,7,0.6933173890964983,0.6334370820729457
2018,-0.095,3.2,7,0.6933173890964983,0.6243531847055507
2018,-0.095,3.3000000000000003,7,0.6933173890964983,0.6288995235316416
2018,-0.095,3.4000000000000004,7,0.6933173890964983,0.6303348663692324
2018,-0.095,3.5,7,0.6933173890964983,0.6284891979536883
2018,-0.095,3.6,7,0.6933173890964983,0.6341092605490893
2018,-0.095,3.7,7,0.6933173890964983,0.6417900448385419
2018,-0.095,3.8000000000000003,7,0.6933173890964983,0.6272566359036288
2018,-0.095,3.9000000000000004,7,0.6933173890964983,0.6296441498078629
2018,-0.095,4.0,7,0.6933173890964983,0.6268373001543356
2018,-0.095,4.1,7,0.6933173890964983,0.618212751525609
2018,-0.095,4.2,7,0.6933173890964983,0.616626251197076
2018,-0.095,4.300000000000001,7,0.6933173890964983,0.5999856715579144
2018,-0.095,4.4,7,0.6933173890964983,0.6081467576688137
2018,-0.095,4.5,7,0.6933173890964983,0.605511155455275
2018,-0.095,4.6,7,0.7028073768609796,0.6045013383765443
2018,-0.095,4.7,7,0.7028073768609796,0.5989563509030952
2018,-0.095,4.800000000000001,7,0.7028073768609796,0.5969165529480053
2018,-0.095,4.9,7,0.7028073768609796,0.5979620824746696
2018,-0.095,5.0,7,0.7328930649823819,0.5944413754119806
2018,-0.095,5.1000000000000005,7,0.7386527116444727,0.5913006942820725
2018,-0.095,5.2,7,0.7386527116444727,0.5818387256417595
2018,-0.095,5.3,7,0.7386527116444727,0.5836500522291151
2018,-0.095,5.4,7,0.7386527116444727,0.5796855137211255
2018,-0.095,5.5,7,0.7386527116444727,0.5811228800106311
2018,-0.095,5.6000000000000005,7,0.7386527116444727,0.5869475652201872
2018,-0.095,5.7,7,0.7386527116444727,0.5842017541685959
2018,-0.095,5.800000000000001,7,0.7420086722882069,0.5885403922593211
2018,-0.095,5.9,7,0.7420086722882069,0.5805016942287393
2018,-0.095,6.0,7,0.7425182204118516,0.5747732884357408
2018,-0.095,6.1000000000000005,7,0.743037074261004,0.5897036172301304
2018,-0.095,6.2,7,0.743037074261004,0.5929771503669476
2018,-0.095,6.300000000000001,7,0.743037074261004,0.6012861976594214
2018,-0.095,6.4,7,0.743037074261004,0.6076597352860292
2018,-0.095,6.5,7,0.7439523362547497,0.605802201377263
2018,-0.095,6.6000000000000005,7,0.7439523362547497,0.6100467429514126
2018,-0.095,6.7,7,0.7439523362547497,0.6171197523244837
2018,-0.095,6.800000000000001,7,0.7439523362547497,0.6196659423091422
2018,-0.095,6.9,7,0.7439523362547497,0.6308221527429101
2018,-0.095,7.0,7,0.7439523362547497,0.6359260598905204
2018,-0.095,7.1000000000000005,7,0.7439523362547497,0.6359617907716351
2018,-0.095,7.2,7,0.7439523362547497,0.6313988744619238
2018,-0.095,7.300000000000001,7,0.7448027997302248,0.6438067750762057
2018,-0.095,7.4,7,0.745668794966666,0.6470554780143172
2018,-0.095,7.5,7,0.745668794966666,0.654113967883385
2018,-0.095,7.6000000000000005,7,0.745668794966666,0.6565883684786434
2018,-0.095,7.7,7,0.745668794966666,0.6425433976787083
2018,-0.095,7.800000000000001,7,0.745668794966666,0.6392806870122663
2018,-0.095,7.9,7,0.745668794966666,0.6452665007872013
2018,-0.095,8.0,7,0.745668794966666,0.6509715301788735
2018,-0.095,8.100000000000001,7,0.745668794966666,0.6562915667099484
2018,-0.095,8.2,7,0.745668794966666,0.6605348307509978
2018,-0.095,8.3,7,0.745668794966666,0.6653356115417195
2018,-0.095,8.4,7,0.745668794966666,0.6680473015915096
2018,-0.095,8.5,7,0.745668794966666,0.6606008493434918
2018,-0.095,8.600000000000001,7,0.745668794966666,0.6640565773724668
2018,-0.095,8.7,7,0.745668794966666,0.6749129425067298
2018,-0.095,8.8,7,0.745668794966666,0.6724727827833049
2018,-0.095,8.9,7,0.745668794966666,0.6634501516395807
2018,-0.095,9.0,7,0.745668794966666,0.6671596231254453
2018,-0.095,9.1,7,0.745668794966666,0.6668010774861974
2018,-0.095,9.200000000000001,7,0.745668794966666,0.6598694613838562
2018,-0.095,9.3,7,0.745668794966666,0.6567814982443663
2018,-0.095,9.4,7,0.745668794966666,0.6531203077226022
2018,-0.095,9.5,7,0.745668794966666,0.6399482812964497
2018,-0.095,9.6,7,0.745668794966666,0.6433347094940961
2018,-0.095,9.700000000000001,7,0.745668794966666,0.6474564600274627
2018,-0.095,9.8,7,0.745668794966666,0.6442122049512143
2018,-0.095,9.9,7,0.745668794966666,0.6368975909814977
2018,-0.095,10.0,7,0.745668794966666,0.6398060471366248
2018,-0.1,1.0,7,0.4803089462421581,0.37492026666758077
2018,-0.1,1.1,7,0.4805758976570006,0.37721983125822733
2018,-0.1,1.2,7,0.8474398029824445,0.7760376369991128
2018,-0.1,1.3,7,0.8489271037222812,0.7869860537696222
2018,-0.1,1.4,7,0.8489271037222812,0.7975364908962518
2018,-0.1,1.5,7,0.8489271037222812,0.7866068752457085
2018,-0.1,1.6,7,0.8489271037222812,0.7980577400590014
2018,-0.1,1.7000000000000002,7,0.8489271037222812,0.794749202003804
2018,-0.1,1.8,7,0.8489271037222812,0.7779239493449126
2018,-0.1,1.9,7,0.6933173890964983,0.615519123885523
2018,-0.1,2.0,7,0.6933173890964983,0.607490968683239
2018,-0.1,2.1,7,0.6933173890964983,0.6047450871032977
2018,-0.1,2.2,7,0.6933173890964983,0.5963360338868929
2018,-0.1,2.3,7,0.6933173890964983,0.5871197689348661
2018,-0.1,2.4000000000000004,7,0.6933173890964983,0.6009091343638994
2018,-0.1,2.5,7,0.6933173890964983,0.6100639626885754
2018,-0.1,2.6,7,0.6933173890964983,0.6247724829424435
2018,-0.1,2.7,7,0.6933173890964983,0.6215270861833638
2018,-0.1,2.8,7,0.6933173890964983,0.630889355438469
2018,-0.1,2.9000000000000004,7,0.6933173890964983,0.6341547982215419
2018,-0.1,3.0,7,0.6933173890964983,0.6300893358616754
2018,-0.1,3.1,7,0.6933173890964983,0.6350489249351068
2018,-0.1,3.2,7,0.6933173890964983,0.6256428271579525
2018,-0.1,3.3000000000000003,7,0.6933173890964983,0.6301543819028421
2018,-0.1,3.4000000000000004,7,0.6933173890964983,0.6282292810166894
2018,-0.1,3.5,7,0.6933173890964983,0.6266052358080044
2018,-0.1,3.6,7,0.6933173890964983,0.6272839930567466
2018,-0.1,3.7,7,0.6933173890964983,0.6265685622289163
2018,-0.1,3.8000000000000003,7,0.6933173890964983,0.638624763776838
2018,-0.1,3.9000000000000004,7,0.6933173890964983,0.6417900448385419
2018,-0.1,4.0,7,0.6933173890964983,0.6272566359036288
2018,-0.1,4.1,7,0.6933173890964983,0.6296441498078629
2018,-0.1,4.2,7,0.6933173890964983,0.6268373001543356
2018,-0.1,4.300000000000001,7,0.6933173890964983,0.618212751525609
2018,-0.1,4.4,7,0.6933173890964983,0.616626251197076
2018,-0.1,4.5,7,0.6933173890964983,0.5965820310604741
2018,-0.1,4.6,7,0.6933173890964983,0.5999856715579144
2018,-0.1,4.7,7,0.6933173890964983,0.605511155455275
2018,-0.1,4.800000000000001,7,0.6933173890964983,0.5972525666326787
2018,-0.1,4.9,7,0.7028073768609796,0.5989563509030952
2018,-0.1,5.0,7,0.7028073768609796,0.5969165529480053
2018,-0.1,5.1000000000000005,7,0.7028073768609796,0.5979620824746696
2018,-0.1,5.2,7,0.7028073768609796,0.5916163165422789
2018,-0.1,5.3,7,0.7328930649823819,0.5938074835028789
2018,-0.1,5.4,7,0.7386527116444727,0.5763789302080065
2018,-0.1,5.5,7,0.7386527116444727,0.5840630147314636
2018,-0.1,5.6000000000000005,7,0.7386527116444727,0.5790321104589732
2018,-0.1,5.7,7,0.7386527116444727,0.5796855137211255
2018,-0.1,5.800000000000001,7,0.7386527116444727,0.5858331392594158
2018,-0.1,5.9,7,0.7386527116444727,0.5816849787833513
2018,-0.1,6.0,7,0.7386527116444727,0.5842017541685959
2018,-0.1,6.1000000000000005,7,0.7420086722882069,0.5863815234369614
2018,-0.1,6.2,7,0.7425182204118516,0.5819409401103125
2018,-0.1,6.300000000000001,7,0.7425182204118516,0.5799414895559354
2018,-0.1,6.4,7,0.743037074261004,0.5897036172301304
2018,-0.1,6.5,7,0.743037074261004,0.5929771503669476
2018,-0.1,6.6000000000000005,7,0.743037074261004,0.6012861976594214
2018,-0.1,6.7,7,0.743037074261004,0.6063168124891687
2018,-0.1,6.800000000000001,7,0.7439523362547497,0.6052687446748642
2018,-0.1,6.9,7,0.7439523362547497,0.6098179274529761
2018,-0.1,7.0,7,0.7439523362547497,0.6112468211979488
2018,-0.1,7.1000000000000005,7,0.7439523362547497,0.6196659423091422
2018,-0.1,7.2,7,0.7439523362547497,0.6308221527429101
2018,-0.1,7.300000000000001,7,0.7439523362547497,0.6330180588414202
2018,-0.1,7.4,7,0.7439523362547497,0.6333746694640953
2018,-0.1,7.5,7,0.7439523362547497,0.6375318771878967
2018,-0.1,7.6000000000000005,7,0.7448027997302248,0.6347639821167251
2018,-0.1,7.7,7,0.7448027997302248,0.6451806006904345
2018,-0.1,7.800000000000001,7,0.745668794966666,0.6468421213749064
2018,-0.1,7.9,7,0.745668794966666,0.658720049060653
2018,-0.1,8.0,7,0.745668794966666,0.6527285727053337
2018,-0.1,8.100000000000001,7,0.745668794966666,0.64025368832166
2018,-0.1,8.2,7,0.745668794966666,0.6369491613756935
2018,-0.1,8.3,7,0.745668794966666,0.646065881005455
2018,-0.1,8.4,7,0.745668794966666,0.6511380677243431
2018,-0.1,8.5,7,0.745668794966666,0.6561916441826667
2018,-0.1,8.600000000000001,7,0.745668794966666,0.6610474545830689
2018,-0.1,8.7,7,0.745668794966666,0.6632137684886323
2018,-0.1,8.8,7,0.745668794966666,0.6680473015915096
2018,-0.1,8.9,7,0.745668794966666,0.6647480074171291
2018,-0.1,9.0,7,0.745668794966666,0.6680112950416875
2018,-0.1,9.1,7,0.745668794966666,0.6694976423770678
2018,-0.1,9.200000000000001,7,0.745668794966666,0.6759644457876118
2018,-0.1,9.3,7,0.745668794966666,0.6756927128932951
2018,-0.1,9.4,7,0.745668794966666,0.6631373873129822
2018,-0.1,9.5,7,0.745668794966666,0.6677926113127552
2018,-0.1,9.6,7,0.745668794966666,0.656715803531268
2018,-0.1,9.700000000000001,7,0.745668794966666,0.6582005016766306
2018,-0.1,9.8,7,0.745668794966666,0.651928928841481
2018,-0.1,9.9,7,0.745668794966666,0.6485195269880808
2018,-0.1,10.0,7,0.745668794966666,0.643205539711642
