2020,-0.05,1.0,112,0.8714464439446891,0.20017908805031737
2020,-0.05,1.1,112,0.9020904177725279,0.20619459838885584
2020,-0.05,1.2,112,0.9419379870824933,0.20992697457658824
2020,-0.05,1.3,112,1.0160424422150445,0.2102384256925933
2020,-0.05,1.4,112,1.0605672456424053,0.18955770422425997
2020,-0.05,1.5,112,1.075847108747289,0.19753845604425369
2020,-0.05,1.6,112,1.1146075971185618,0.2077900066744864
2020,-0.05,1.7000000000000002,112,1.1721030458862849,0.24268627231884393
2020,-0.05,1.8,112,1.1985919890210717,0.2582067452451179
2020,-0.05,1.9,112,1.2210795511328765,0.28498020788823397
2020,-0.05,2.0,112,1.235692287324444,0.30886175724335335
2020,-0.05,2.1,112,1.271549574178295,0.3150782567365636
2020,-0.05,2.2,112,1.274670973982079,0.33798452831743225
2020,-0.05,2.3,112,1.300918767602495,0.3729672633719711
2020,-0.05,2.4000000000000004,112,1.30727646894211,0.38205774485856103
2020,-0.05,2.5,112,1.308901034546294,0.4198242670457121
2020,-0.05,2.6,112,1.3206362300221912,0.43862669951055844
2020,-0.05,2.7,112,1.3230307105416714,0.4585763785058677
2020,-0.05,2.8,112,1.328194111129179,0.49085924008246823
2020,-0.05,2.9000000000000004,112,1.329657811363371,0.5055467005996838
2020,-0.05,3.0,112,1.3242557826665713,0.5223899426363813
2020,-0.05,3.1,112,1.3242557826665713,0.5585105619107712
2020,-0.05,3.2,112,1.3245072863045293,0.5984745323482155
2020,-0.05,3.3000000000000003,112,1.3415924579709657,0.6188759998536272
2020,-0.05,3.4000000000000004,112,1.3415924579709657,0.6607630011741907
2020,-0.05,3.5,112,1.3314362342709793,0.683942875273823
2020,-0.05,3.6,112,1.3314362342709793,0.7042843090160095
2020,-0.05,3.7,112,1.3314718062687032,0.7462325037522233
2020,-0.05,3.8000000000000003,112,1.3406941433598922,0.7588707668708671
2020,-0.05,3.9000000000000004,112,1.3105491839066805,0.7232550738702882
2020,-0.05,4.0,112,1.3530004203603785,0.7287100436250605
2020,-0.05,4.1,112,1.359600011296521,0.7412085745599962
2020,-0.05,4.2,112,1.3495323552641258,0.7330274271894083
2020,-0.05,4.300000000000001,112,1.3650202252695884,0.7371294806061447
2020,-0.05,4.4,112,1.3659646457452588,0.7612693065364232
2020,-0.05,4.5,112,1.3674142585775484,0.7528473102510062
2020,-0.05,4.6,112,1.3751838266769247,0.7760033790436696
2020,-0.05,4.7,112,1.358107844010661,0.7726162240630519
2020,-0.05,4.800000000000001,111,1.326491418327045,0.7214477206497009
2020,-0.05,4.9,111,1.3126622694080672,0.6795281572258846
2020,-0.05,5.0,111,1.3145558827666484,0.672505091598103
2020,-0.05,5.1000000000000005,111,1.2941978700913463,0.6458879780221851
2020,-0.05,5.2,111,1.294777757981835,0.6508207777515415
2020,-0.05,5.3,111,1.2955237268806703,0.6412586317095619
2020,-0.05,5.4,110,1.2224497148702411,0.5909282222192676
2020,-0.05,5.5,110,1.2224497148702411,0.6158582686584729
2020,-0.05,5.6000000000000005,110,1.2093253843719276,0.6112306066923096
2020,-0.05,5.7,110,1.1956608510172768,0.6031748075670039
2020,-0.05,5.800000000000001,110,1.1967113512314989,0.6274640243065266
2020,-0.05,5.9,110,1.1971005088533249,0.6169905491291791
2020,-0.05,6.0,110,1.1971005088533249,0.6116559976994393
2020,-0.05,6.1000000000000005,110,1.1971005088533249,0.6210565982190202
2020,-0.05,6.2,110,1.197191547068759,0.6344841554344601
2020,-0.05,6.300000000000001,110,1.192277549066074,0.6204605008911946
2020,-0.05,6.4,110,1.1945256845939127,0.6308245554815701
2020,-0.05,6.5,110,1.1952291629879017,0.6308823517227679
2020,-0.05,6.6000000000000005,110,1.1959035875732176,0.6350143436544441
2020,-0.05,6.7,110,1.1983762487265717,0.6422680482305452
2020,-0.05,6.800000000000001,110,1.212377695538832,0.6201723838606209
2020,-0.05,6.9,110,1.2147201997609944,0.6082722249246764
2020,-0.05,7.0,110,1.2182080283058347,0.5858871032934251
2020,-0.05,7.1000000000000005,110,1.2221515110617536,0.571447178877995
2020,-0.05,7.2,110,1.2238559394616366,0.5518412007358234
2020,-0.05,7.300000000000001,109,1.1638849880715614,0.497694338897964
2020,-0.05,7.4,109,1.1775170505145658,0.48713767037019107
2020,-0.05,7.5,109,1.1817249814343953,0.48988833101713153
2020,-0.05,7.6000000000000005,109,1.1723155455283378,0.4705919173282769
2020,-0.05,7.7,109,1.1773525862108352,0.4410468648877563
2020,-0.05,7.800000000000001,109,1.1814467409661737,0.42369621552574604
2020,-0.05,7.9,109,1.1839967735042043,0.4368133159561204
2020,-0.05,8.0,109,1.1879006825834129,0.4266758298096575
2020,-0.05,8.100000000000001,109,1.1896590503768685,0.4174753750683926
2020,-0.05,8.2,108,1.1227647661580913,0.3687071428087909
2020,-0.05,8.3,108,1.1375709203897548,0.38207256348921736
2020,-0.05,8.4,107,1.1003080919831607,0.3556476508589997
2020,-0.05,8.5,107,1.1032556527314392,0.3739425567994869
2020,-0.05,8.600000000000001,107,1.116458234347912,0.38645104278127734
2020,-0.05,8.7,107,1.0960772276687507,0.3903905688865557
2020,-0.05,8.8,107,1.0878261700255172,0.4104826943069233
2020,-0.05,8.9,107,1.093455191120936,0.41752669413278437
2020,-0.05,9.0,107,1.0999498552865523,0.42782626505857163
2020,-0.05,9.1,108,1.1487499132270056,0.4725670163132462
2020,-0.05,9.200000000000001,109,1.2042785338881934,0.5256517438558729
2020,-0.05,9.3,109,1.2622536323642726,0.5531849044078916
2020,-0.05,9.4,109,1.2684859454114432,0.5667551510060537
2020,-0.05,9.5,109,1.2508115871427872,0.5586872779364934
2020,-0.05,9.6,109,1.2582488029842773,0.5809228032206498
2020,-0.05,9.700000000000001,109,1.2619121221377396,0.6089789946613909
2020,-0.05,9.8,109,1.2339388869382246,0.5930070558199665
2020,-0.05,9.9,109,1.245449080092782,0.6068513329277127
2020,-0.05,10.0,109,1.238135658211223,0.6187136925179694
2020,-0.055,1.0,112,0.8631798517036763,0.1939117327619558
2020,-0.055,1.1,112,0.876165902311753,0.2016728841710417
2020,-0.055,1.2,112,0.9091421801150796,0.20378497687849886
2020,-0.055,1.3,112,0.9598175354194896,0.20028129905603678
2020,-0.055,1.4,112,1.022514240030217,0.20490674887355276
2020,-0.055,1.5,112,1.0567210015386126,0.1894858729744239
2020,-0.055,1.6,112,1.0789852672041962,0.1957508509176791
2020,-0.055,1.7000000000000002,112,1.1145914863797877,0.20782149564447522
2020,-0.055,1.8,112,1.1502870560213658,0.21083083916363196
2020,-0.055,1.9,112,1.198509824253324,0.2533146759177109
2020,-0.055,2.0,112,1.220863500485846,0.27728409123308284
2020,-0.055,2.1,112,1.2346933627166385,0.29827718887986027
2020,-0.055,2.2,112,1.2517059428772732,0.31583007106836775
2020,-0.055,2.3,112,1.274670973982079,0.3467802047850831
2020,-0.055,2.4000000000000004,112,1.2960454902480625,0.3564814151934214
2020,-0.055,2.5,112,1.306533037883624,0.3723425748052893
2020,-0.055,2.6,112,1.3078649429680842,0.39232846281701644
2020,-0.055,2.7,112,1.3206362300221912,0.4231308999269456
2020,-0.055,2.8,112,1.3230307105416714,0.4350783704796344
2020,-0.055,2.9000000000000004,112,1.3272109053468664,0.4743151115593474
2020,-0.055,3.0,112,1.3286746055810583,0.4846722876348787
2020,-0.055,3.1,112,1.329657811363371,0.49284615187835007
2020,-0.055,3.2,112,1.3356445991420667,0.5215467209374578
2020,-0.055,3.3000000000000003,112,1.3242557826665713,0.5407862969320247
2020,-0.055,3.4000000000000004,112,1.3404296702543934,0.5802891417150312
2020,-0.055,3.5,112,1.340681173892351,0.6072390473250502
2020,-0.055,3.6,112,1.341463757842266,0.6342039247379018
2020,-0.055,3.7,112,1.3415924579709657,0.6847732876474175
2020,-0.055,3.8000000000000003,112,1.3415924579709657,0.7068867739781071
2020,-0.055,3.9000000000000004,112,1.3314362342709793,0.7295262230747988
2020,-0.055,4.0,112,1.3095347766422734,0.7358410224751529
2020,-0.055,4.1,112,1.3511317362000272,0.7220570301247241
2020,-0.055,4.2,112,1.351864611932903,0.7199794742629898
2020,-0.055,4.300000000000001,112,1.3525388352633765,0.7357138323804201
2020,-0.055,4.4,112,1.3583217348450394,0.7369068271494879
2020,-0.055,4.5,112,1.364206342465352,0.7278765884432782
2020,-0.055,4.6,112,1.3664650191674372,0.7526100859084437
2020,-0.055,4.7,112,1.36550648669335,0.7480443410891411
2020,-0.055,4.800000000000001,112,1.365716629872243,0.7550439887546357
2020,-0.055,4.9,112,1.416927245590536,0.7728548605412341
2020,-0.055,5.0,111,1.3608120758124338,0.7656249556271464
2020,-0.055,5.1000000000000005,111,1.3698603100219142,0.7573093404629767
2020,-0.055,5.2,111,1.340943370278997,0.7088710574177004
2020,-0.055,5.3,111,1.3126622694080672,0.6758511363813964
2020,-0.055,5.4,111,1.3144411183206741,0.6558858256921795
2020,-0.055,5.5,111,1.3192612250516085,0.6499208106462172
2020,-0.055,5.6000000000000005,110,1.218359999488871,0.5986055363779393
2020,-0.055,5.7,110,1.2189451590874545,0.593384133474894
2020,-0.055,5.800000000000001,110,1.220251371603693,0.6126505323877776
2020,-0.055,5.9,110,1.2224497148702411,0.6203744756511514
2020,-0.055,6.0,110,1.2225765057920108,0.6141229579269306
2020,-0.055,6.1000000000000005,110,1.223000434195214,0.6219952675626161
2020,-0.055,6.2,110,1.1956608510172768,0.615181493894691
2020,-0.055,6.300000000000001,110,1.1959462747238483,0.6234276192335113
2020,-0.055,6.4,110,1.1967113512314989,0.6318201425150337
2020,-0.055,6.5,110,1.1971005088533249,0.6412519599713626
2020,-0.055,6.6000000000000005,110,1.1971005088533249,0.6248903563295832
2020,-0.055,6.7,110,1.197863495866312,0.6365696226991646
2020,-0.055,6.800000000000001,110,1.1979545340817457,0.6463935884508026
2020,-0.055,6.9,110,1.1935805900844618,0.6351710764339399
2020,-0.055,7.0,110,1.195689600359422,0.6397280470566444
2020,-0.055,7.1000000000000005,110,1.195689600359422,0.6251933958117756
2020,-0.055,7.2,110,1.1958135785723174,0.6105544868920617
2020,-0.055,7.300000000000001,110,1.2065216803899879,0.6193666412982255
2020,-0.055,7.4,110,1.2101780402518854,0.586389662652091
2020,-0.055,7.5,110,1.213203638106902,0.5686414350533162
2020,-0.055,7.6000000000000005,109,1.1720746430491262,0.5366158554796336
2020,-0.055,7.7,109,1.172189060880136,0.5212147098283229
2020,-0.055,7.800000000000001,109,1.1746399041295983,0.5050856215364502
2020,-0.055,7.9,109,1.1866070436906817,0.5052375206221783
2020,-0.055,8.0,109,1.1745791490683375,0.42732771308102907
2020,-0.055,8.100000000000001,109,1.178405261779113,0.42959705000446946
2020,-0.055,8.2,109,1.1848199689251295,0.44098003894796683
2020,-0.055,8.3,109,1.1744301918943993,0.42200077390428575
2020,-0.055,8.4,108,1.1040370398547845,0.373785824085712
2020,-0.055,8.5,108,1.1082926577618981,0.37224260624560446
2020,-0.055,8.600000000000001,108,1.115424739345393,0.36187744322948556
2020,-0.055,8.7,107,1.0785075593470559,0.3107035435934722
2020,-0.055,8.8,107,1.0822530353132056,0.3120835802082506
2020,-0.055,8.9,107,1.0846140830572093,0.32429960194946367
2020,-0.055,9.0,107,1.101883684444708,0.32140842851420065
2020,-0.055,9.1,107,1.1029811386299393,0.33953192711657115
2020,-0.055,9.200000000000001,107,1.111550969693383,0.34559814772313696
2020,-0.055,9.3,107,1.1152300884338084,0.38371314088917274
2020,-0.055,9.4,108,1.1643243303270037,0.4361283068500991
2020,-0.055,9.5,109,1.2230784403664858,0.48820312540114646
2020,-0.055,9.6,109,1.1994951459595513,0.4752479617771952
2020,-0.055,9.700000000000001,109,1.2083088436790939,0.47796471978690497
2020,-0.055,9.8,109,1.2089618445578874,0.49893350134113684
2020,-0.055,9.9,109,1.212319087924251,0.5076906004514139
2020,-0.055,10.0,109,1.2229033465757184,0.5228029413507325
2020,-0.060000000000000005,1.0,112,0.8331609665891813,0.19738140994691028
2020,-0.060000000000000005,1.1,112,0.8680230208772566,0.19391143323156146
2020,-0.060000000000000005,1.2,112,0.8886952701887036,0.19661820678011346
2020,-0.060000000000000005,1.3,112,0.9199515168099778,0.18747293444099336
2020,-0.060000000000000005,1.4,112,0.961159910806268,0.19217365552709367
2020,-0.060000000000000005,1.5,112,1.0235081376296848,0.2095061841306695
2020,-0.060000000000000005,1.6,112,1.0637439064846896,0.1904159283346009
2020,-0.060000000000000005,1.7000000000000002,112,1.0789171066281908,0.19841734639266712
2020,-0.060000000000000005,1.8,112,1.1141799193902409,0.20150719066758532
2020,-0.060000000000000005,1.9,112,1.1452221217777474,0.20418927931030276
2020,-0.060000000000000005,2.0,112,1.1875129231332726,0.26284679329817096
2020,-0.060000000000000005,2.1,112,1.211365338659083,0.2841665454696988
2020,-0.060000000000000005,2.2,112,1.2342498325427653,0.2809559218062471
2020,-0.060000000000000005,2.3,112,1.2376508670202877,0.3033963617071783
2020,-0.060000000000000005,2.4000000000000004,112,1.271501058591235,0.3447460636718599
2020,-0.060000000000000005,2.5,112,1.2960454902480625,0.34572168845487417
2020,-0.060000000000000005,2.6,112,1.3021828436483918,0.36378699566239103
2020,-0.060000000000000005,2.7,112,1.306533037883624,0.3834060335326203
2020,-0.060000000000000005,2.8,112,1.3080276589305633,0.3913457976559362
2020,-0.060000000000000005,2.9000000000000004,112,1.3201853851310243,0.4200048355644293
2020,-0.060000000000000005,3.0,112,1.3230307105416714,0.4345532894134476
2020,-0.060000000000000005,3.1,112,1.3286746055810583,0.46656977764125623
2020,-0.060000000000000005,3.2,112,1.3286746055810583,0.4831766463415693
2020,-0.060000000000000005,3.3000000000000003,112,1.334661393359754,0.48621613898358673
2020,-0.060000000000000005,3.4000000000000004,112,1.3356445991420667,0.49707707985567834
2020,-0.060000000000000005,3.5,112,1.3518184867298888,0.5558935836816673
2020,-0.060000000000000005,3.6,112,1.3404296702543934,0.5613396977804215
2020,-0.060000000000000005,3.7,112,1.3404296702543934,0.5856990556695616
2020,-0.060000000000000005,3.8000000000000003,112,1.3405363862475634,0.6334575890220585
2020,-0.060000000000000005,3.9000000000000004,112,1.341463757842266,0.6626431415051429
2020,-0.060000000000000005,4.0,112,1.3415924579709657,0.6942311133098134
2020,-0.060000000000000005,4.1,112,1.3500819193292795,0.6978668582737361
2020,-0.060000000000000005,4.2,112,1.3815226551870476,0.7187698159480809
2020,-0.060000000000000005,4.300000000000001,112,1.3511317362000272,0.7314944380789654
2020,-0.060000000000000005,4.4,112,1.3511317362000272,0.7176547760447054
2020,-0.060000000000000005,4.5,112,1.3511317362000272,0.7115500473463362
2020,-0.060000000000000005,4.6,112,1.356470943101734,0.7396473444876994
2020,-0.060000000000000005,4.7,112,1.3621608181112064,0.7441699344211342
2020,-0.060000000000000005,4.800000000000001,112,1.363455663416468,0.7565833778021569
2020,-0.060000000000000005,4.9,112,1.4144893315351066,0.7365219917934838
2020,-0.060000000000000005,5.0,112,1.4256513139775675,0.7536136609637666
2020,-0.060000000000000005,5.1000000000000005,112,1.415019473706337,0.7491438984185498
2020,-0.060000000000000005,5.2,111,1.3565146775341141,0.7556538801343274
2020,-0.060000000000000005,5.3,111,1.357503115301473,0.7709617713814911
2020,-0.060000000000000005,5.4,111,1.3636866408920703,0.7578059124699268
2020,-0.060000000000000005,5.5,111,1.3698603100219142,0.7425245991004338
2020,-0.060000000000000005,5.6000000000000005,111,1.3522621583101966,0.6920051552971234
2020,-0.060000000000000005,5.7,111,1.328368541718113,0.6709335459587128
2020,-0.060000000000000005,5.800000000000001,110,1.2387872772475559,0.6377302750199625
2020,-0.060000000000000005,5.9,110,1.2414798076470925,0.6191605349779168
2020,-0.060000000000000005,6.0,110,1.218359999488871,0.5826261097105806
2020,-0.060000000000000005,6.1000000000000005,110,1.2188899099928745,0.600915849466709
2020,-0.060000000000000005,6.2,110,1.2194986211694139,0.614196506921122
2020,-0.060000000000000005,6.300000000000001,110,1.220251371603693,0.6057383106045129
2020,-0.060000000000000005,6.4,110,1.2225765057920108,0.6171977910371834
2020,-0.060000000000000005,6.5,110,1.223000434195214,0.6263851725857
2020,-0.060000000000000005,6.6000000000000005,110,1.223000434195214,0.6233541090113041
2020,-0.060000000000000005,6.7,110,1.211370621402809,0.6206545645204945
2020,-0.060000000000000005,6.800000000000001,110,1.1956608510172768,0.63129612758443
2020,-0.060000000000000005,6.9,110,1.1967113512314989,0.6224095040038334
2020,-0.060000000000000005,7.0,110,1.1967113512314989,0.6387107971759661
2020,-0.060000000000000005,7.1000000000000005,110,1.197863495866312,0.642378995154487
2020,-0.060000000000000005,7.2,110,1.197863495866312,0.6401024717201027
2020,-0.060000000000000005,7.300000000000001,110,1.197863495866312,0.6478731741840809
2020,-0.060000000000000005,7.4,110,1.1985389496661616,0.6346543360335996
2020,-0.060000000000000005,7.5,110,1.20397318926899,0.6167981050901519
2020,-0.060000000000000005,7.6000000000000005,110,1.195689600359422,0.6146911422645615
2020,-0.060000000000000005,7.7,110,1.195689600359422,0.5992771542237083
2020,-0.060000000000000005,7.800000000000001,110,1.2057397588988354,0.5847370188123986
2020,-0.060000000000000005,7.9,109,1.1588068582192106,0.5439518256631365
2020,-0.060000000000000005,8.0,109,1.1625754568866318,0.5419538678737627
2020,-0.060000000000000005,8.100000000000001,109,1.1649168330930626,0.5398182865298371
2020,-0.060000000000000005,8.2,109,1.1684216678552475,0.4985986829485766
2020,-0.060000000000000005,8.3,109,1.1720746430491262,0.4644669431601347
2020,-0.060000000000000005,8.4,109,1.1753082782004571,0.45695168411389786
2020,-0.060000000000000005,8.5,109,1.1852989225008523,0.43877069142393904
2020,-0.060000000000000005,8.600000000000001,108,1.114892879363763,0.38940566996845627
2020,-0.060000000000000005,8.7,108,1.1037779882011005,0.38136461177887215
2020,-0.060000000000000005,8.8,108,1.1088003201784962,0.376949125961781
2020,-0.060000000000000005,8.9,108,1.1146277494595773,0.37924034776818005
2020,-0.060000000000000005,9.0,107,1.06562768715128,0.3225774515523986
2020,-0.060000000000000005,9.1,107,1.0686775127645942,0.308790141162019
2020,-0.060000000000000005,9.200000000000001,107,1.0705857467741298,0.30730344041779206
2020,-0.060000000000000005,9.3,107,1.0843297052279384,0.2990755979294386
2020,-0.060000000000000005,9.4,107,1.0880721506583564,0.3026662982755233
2020,-0.060000000000000005,9.5,107,1.090632939888698,0.3074926869330942
2020,-0.060000000000000005,9.6,107,1.0954745100217573,0.3093406583384124
2020,-0.060000000000000005,9.700000000000001,108,1.1438705382742598,0.36592749967645266
2020,-0.060000000000000005,9.8,109,1.2119272441774043,0.41580892685099075
2020,-0.060000000000000005,9.9,109,1.2167938456135392,0.428892655382475
2020,-0.060000000000000005,10.0,109,1.2214735721588783,0.43862928904452003
2020,-0.065,1.0,112,0.8322818457100605,0.1951940885504951
2020,-0.065,1.1,112,0.861050443455021,0.18664413429823237
2020,-0.065,1.2,112,0.8716659688907674,0.19359784100154145
2020,-0.065,1.3,112,0.8994240907867103,0.18797911079876495
2020,-0.065,1.4,112,0.9211460338258994,0.17980971782798166
2020,-0.065,1.5,112,0.9633124016126786,0.19451746694903044
2020,-0.065,1.6,112,1.0155073208077394,0.19351848996863805
2020,-0.065,1.7000000000000002,112,1.040476686288298,0.18950753592121838
2020,-0.065,1.8,112,1.0796589189654708,0.19616116190205596
2020,-0.065,1.9,112,1.099308265363298,0.20556599996595268
2020,-0.065,2.0,112,1.1445981569605426,0.20126577447371985
2020,-0.065,2.1,112,1.1591419636226017,0.25302378709362694
2020,-0.065,2.2,112,1.2085287783895178,0.2709975776226312
2020,-0.065,2.3,112,1.2311258225601842,0.2758556897479109
2020,-0.065,2.4000000000000004,112,1.2362217774740112,0.30024440568603594
2020,-0.065,2.5,112,1.2704707782838882,0.33826684859693285
2020,-0.065,2.6,112,1.2905149312167876,0.3530650226240005
2020,-0.065,2.7,112,1.2978939405871672,0.3474945674143978
2020,-0.065,2.8,112,1.3065163762246026,0.3662873577371847
2020,-0.065,2.9000000000000004,112,1.3074341828032698,0.3869965857131113
2020,-0.065,3.0,112,1.3194335218537672,0.39903643703684294
2020,-0.065,3.1,112,1.3225798656505048,0.4143509839823139
2020,-0.065,3.2,112,1.3244944107758634,0.4335477914096048
2020,-0.065,3.3000000000000003,112,1.3286746055810583,0.45120486608515786
2020,-0.065,3.4000000000000004,112,1.3286746055810583,0.47556859724935974
2020,-0.065,3.5,112,1.334661393359754,0.4847652237884561
2020,-0.065,3.6,112,1.3518184867298888,0.5006570669635125
2020,-0.065,3.7,112,1.3518184867298888,0.5389698887822373
2020,-0.065,3.8000000000000003,112,1.3404296702543934,0.551430163993195
2020,-0.065,3.9000000000000004,112,1.3404296702543934,0.5778045361397837
2020,-0.065,4.0,112,1.3404296702543934,0.6112858019041326
2020,-0.065,4.1,112,1.3405363862475634,0.6411171042308765
2020,-0.065,4.2,112,1.3915501787583335,0.671062373223759
2020,-0.065,4.300000000000001,112,1.3916788788870338,0.6946001200447512
2020,-0.065,4.4,112,1.3916788788870338,0.706896071896803
2020,-0.065,4.5,112,1.3813939550583474,0.7194646722757599
2020,-0.065,4.6,112,1.3511317362000272,0.7307805968839174
2020,-0.065,4.7,112,1.3511317362000272,0.7201214641139194
2020,-0.065,4.800000000000001,112,1.3557380673688584,0.7182485311509074
2020,-0.065,4.9,112,1.356470943101734,0.742492247923556
2020,-0.065,5.0,112,1.4067930590488509,0.7484732872966838
2020,-0.065,5.1000000000000005,112,1.4122014025267908,0.7315288817796405
2020,-0.065,5.2,112,1.4130893068001118,0.7536016051683375
2020,-0.065,5.3,112,1.425336132583619,0.7535310391418273
2020,-0.065,5.4,111,1.3671794754185407,0.7429884154010526
2020,-0.065,5.5,111,1.3562732958672108,0.7551316796522597
2020,-0.065,5.6000000000000005,111,1.3564903288611165,0.7521067809638989
2020,-0.065,5.7,111,1.3578551900211235,0.7515876116491926
2020,-0.065,5.800000000000001,111,1.3636866408920703,0.7269121809653992
2020,-0.065,5.9,111,1.3649211021065155,0.7114514735777001
2020,-0.065,6.0,110,1.2979688148373598,0.6833116044930744
2020,-0.065,6.1000000000000005,110,1.2791199346207542,0.6774699656874305
2020,-0.065,6.2,110,1.2369922569811977,0.6319931103931204
2020,-0.065,6.300000000000001,110,1.2389030850066756,0.6192814172998898
2020,-0.065,6.4,110,1.2414798076470925,0.6164099667506162
2020,-0.065,6.5,110,1.2188899099928745,0.6065475153675784
2020,-0.065,6.6000000000000005,110,1.2189134615708304,0.6003148710249143
2020,-0.065,6.7,110,1.2194986211694139,0.6057688447707721
2020,-0.065,6.800000000000001,110,1.220251371603693,0.6191162937930664
2020,-0.065,6.9,110,1.223000434195214,0.6146920890429876
2020,-0.065,7.0,110,1.223000434195214,0.6277317687291117
2020,-0.065,7.1000000000000005,110,1.223000434195214,0.6253042906488622
2020,-0.065,7.2,110,1.2260114359323306,0.6391397612332154
2020,-0.065,7.300000000000001,110,1.1956608510172768,0.6352258411593675
2020,-0.065,7.4,110,1.196391370497796,0.6375650413827815
2020,-0.065,7.5,110,1.1974743382444861,0.6446983158114358
2020,-0.065,7.6000000000000005,110,1.1974743382444861,0.6525910278687542
2020,-0.065,7.7,110,1.197863495866312,0.6342667195756393
2020,-0.065,7.800000000000001,110,1.1984479114507276,0.6076545328710888
2020,-0.065,7.9,110,1.1984479114507276,0.6238817416162916
2020,-0.065,8.0,110,1.200648602862557,0.6122861450533479
2020,-0.065,8.100000000000001,109,1.156245879078797,0.5668769859791303
2020,-0.065,8.2,109,1.147886293940701,0.5522278734176612
2020,-0.065,8.3,109,1.157903540141774,0.547171361889965
2020,-0.065,8.4,109,1.1579769346371869,0.5494064617821758
2020,-0.065,8.5,109,1.1588068582192106,0.5073659230747604
2020,-0.065,8.600000000000001,109,1.1590070930345961,0.4957858482964216
2020,-0.065,8.7,109,1.1627730574512047,0.49509224244116506
2020,-0.065,8.8,108,1.094536370303155,0.4288664105125424
2020,-0.065,8.9,108,1.0963840775949587,0.4235494967392071
2020,-0.065,9.0,108,1.1026779472734598,0.39350193451587434
2020,-0.065,9.1,108,1.1120812078395006,0.39882988205189834
2020,-0.065,9.200000000000001,108,1.1132408934389024,0.3860635304495982
2020,-0.065,9.3,107,1.0657960574216665,0.3330610191973291
2020,-0.065,9.4,107,1.0710127884734713,0.33026434216897543
2020,-0.065,9.5,107,1.0759170800464506,0.3108551352901064
2020,-0.065,9.6,107,1.0790770472759692,0.3232088935421208
2020,-0.065,9.700000000000001,107,1.075504492588833,0.29952684009242336
2020,-0.065,9.8,107,1.0791404361702184,0.29543136048809227
2020,-0.065,9.9,107,1.0800695813939665,0.2982008750137871
2020,-0.065,10.0,109,1.1938628858554563,0.374344956225915
2020,-0.07,1.0,112,0.821032703129809,0.18603381841608063
2020,-0.07,1.1,112,0.8341926991737773,0.19443802087783735
2020,-0.07,1.2,112,0.862385959567377,0.18869734555137274
2020,-0.07,1.3,112,0.8902853658538713,0.1815585394736083
2020,-0.07,1.4,112,0.9067456252472246,0.16829251684264943
2020,-0.07,1.5,112,0.9274138508560166,0.18105376236215953
2020,-0.07,1.6,112,0.9796190588561603,0.1957807339388318
2020,-0.07,1.7000000000000002,112,1.0155915538437452,0.19315686549844274
2020,-0.07,1.8,112,1.0292873744993158,0.18682233149622837
2020,-0.07,1.9,112,1.0827939431073683,0.19616694975159749
2020,-0.07,2.0,112,1.0959638161378247,0.20760201270183273
2020,-0.07,2.1,112,1.1346183167430273,0.20057871178996017
2020,-0.07,2.2,112,1.15765841218508,0.23817593313434784
2020,-0.07,2.3,112,1.2057242930317575,0.2698889776991334
2020,-0.07,2.4000000000000004,112,1.225744373130118,0.2739509115576259
2020,-0.07,2.5,112,1.236208888882992,0.3028941736849621
2020,-0.07,2.6,112,1.2568945278502437,0.32990342283054863
2020,-0.07,2.7,112,1.2896266963639869,0.34376208258213736
2020,-0.07,2.8,112,1.2941563125621367,0.35023533783062744
2020,-0.07,2.9000000000000004,112,1.3025111961034956,0.35490702623695
2020,-0.07,3.0,112,1.3068457087772956,0.38115109918992424
2020,-0.07,3.1,112,1.3076536503109109,0.38361297891412044
2020,-0.07,3.2,112,1.3194335218537672,0.39726265257090404
2020,-0.07,3.3000000000000003,112,1.3240435658846967,0.4131772300395641
2020,-0.07,3.4000000000000004,112,1.3286746055810583,0.450532360697779
2020,-0.07,3.5,112,1.3286746055810583,0.451956313952679
2020,-0.07,3.6,112,1.334661393359754,0.4683407451648499
2020,-0.07,3.7,112,1.350835280947576,0.4840088814333237
2020,-0.07,3.8000000000000003,112,1.350835280947576,0.4949417502139865
2020,-0.07,3.9000000000000004,112,1.3518184867298888,0.5207724564092958
2020,-0.07,4.0,112,1.3518184867298888,0.5594970866306793
2020,-0.07,4.1,112,1.3404296702543934,0.576921104524681
2020,-0.07,4.2,112,1.3404296702543934,0.5905187587261655
2020,-0.07,4.300000000000001,112,1.3905160911704613,0.6114368210801631
2020,-0.07,4.4,112,1.3906228071636317,0.648192873387399
2020,-0.07,4.5,112,1.3907675948084193,0.6757030488414497
2020,-0.07,4.6,112,1.3916788788870338,0.6943687551292926
2020,-0.07,4.7,112,1.3916788788870338,0.7058557050633125
2020,-0.07,4.800000000000001,112,1.3916788788870338,0.7301449860950996
2020,-0.07,4.9,112,1.3815226551870476,0.7349811757055541
2020,-0.07,5.0,112,1.3557380673688584,0.7284888119815668
2020,-0.07,5.1000000000000005,112,1.4052510543818462,0.702549105957535
2020,-0.07,5.2,112,1.4057786517844435,0.7332696630109365
2020,-0.07,5.3,112,1.4065115275173188,0.7262599680376323
2020,-0.07,5.4,112,1.4118087107278487,0.7359990747115497
2020,-0.07,5.5,112,1.4122014025267908,0.7527369049420843
2020,-0.07,5.6000000000000005,112,1.413352592117117,0.761406507316335
2020,-0.07,5.7,111,1.367000918483227,0.757735471059461
2020,-0.07,5.800000000000001,111,1.3671794754185407,0.751900910009314
2020,-0.07,5.9,111,1.3555863027583068,0.7380380798314355
2020,-0.07,6.0,111,1.3563443495484708,0.7532401286244983
2020,-0.07,6.1000000000000005,111,1.358354060226834,0.7368211973216213
2020,-0.07,6.2,111,1.3624158684662648,0.6953390619827634
2020,-0.07,6.300000000000001,110,1.2887075123477079,0.7010742084217552
2020,-0.07,6.4,110,1.2979688148373598,0.6875084260166481
2020,-0.07,6.5,110,1.3001366045847673,0.6862493447816586
2020,-0.07,6.6000000000000005,110,1.2528413135849712,0.6373787325295949
2020,-0.07,6.7,110,1.2387872772475559,0.6184002163427306
2020,-0.07,6.800000000000001,110,1.2414798076470925,0.6019139783096313
2020,-0.07,6.9,110,1.2188899099928745,0.5908639402015688
2020,-0.07,7.0,110,1.2189134615708304,0.6043252663485553
2020,-0.07,7.1000000000000005,110,1.2189134615708304,0.6295198577644264
2020,-0.07,7.2,110,1.2194986211694139,0.60543302492028
2020,-0.07,7.300000000000001,110,1.2208020909286659,0.6046673913096672
2020,-0.07,7.4,110,1.2227708228337035,0.614198493974385
2020,-0.07,7.5,110,1.223000434195214,0.6298811137704654
2020,-0.07,7.6000000000000005,110,1.223000434195214,0.6321079288940726
2020,-0.07,7.7,110,1.2260114359323306,0.6539904865307967
2020,-0.07,7.800000000000001,110,1.196391370497796,0.6342844457652035
2020,-0.07,7.9,110,1.1964238380302636,0.6439700256400538
2020,-0.07,8.0,110,1.1974743382444861,0.6341555170881733
2020,-0.07,8.100000000000001,110,1.1974743382444861,0.6208693278220699
2020,-0.07,8.2,110,1.1984479114507276,0.6298758797494889
2020,-0.07,8.3,110,1.1984479114507276,0.6069409610118076
2020,-0.07,8.4,109,1.1506699106383487,0.5543985661514841
2020,-0.07,8.5,109,1.1512547273348654,0.562346219322303
2020,-0.07,8.600000000000001,109,1.1528907918796445,0.5675266552284823
2020,-0.07,8.7,109,1.156245879078797,0.5687174078626669
2020,-0.07,8.8,109,1.157903540141774,0.5207172174778191
2020,-0.07,8.9,109,1.157903540141774,0.49977256095450046
2020,-0.07,9.0,109,1.158068677756453,0.5031027446250983
2020,-0.07,9.1,108,1.0856987596808494,0.44867039875628856
2020,-0.07,9.200000000000001,108,1.0862258252079149,0.44771290956120824
2020,-0.07,9.3,108,1.0899088769464969,0.43731831858966846
2020,-0.07,9.4,108,1.09240281826588,0.43081099093110864
2020,-0.07,9.5,108,1.0981277107974616,0.41981851932769476
2020,-0.07,9.6,107,1.0744382054652233,0.3618864470042381
2020,-0.07,9.700000000000001,107,1.07471487599003,0.3482778597092349
2020,-0.07,9.8,107,1.0774580177101705,0.3478592830095445
2020,-0.07,9.9,107,1.078909716076389,0.34471100920785563
2020,-0.07,10.0,107,1.0757000993879142,0.3087116601142092
2020,-0.07500000000000001,1.0,112,0.8012869501240338,0.17291570477128998
2020,-0.07500000000000001,1.1,112,0.8322818457100605,0.18546294872687086
2020,-0.07500000000000001,1.2,112,0.8586694174843134,0.18984584479752023
2020,-0.07500000000000001,1.3,112,0.8653277432172529,0.18203585818405693
2020,-0.07500000000000001,1.4,112,0.8923134250582007,0.18289846966698825
2020,-0.07500000000000001,1.5,112,0.9090559756168807,0.17481036813686757
2020,-0.07500000000000001,1.6,112,0.9274138508560166,0.18321827282777597
2020,-0.07500000000000001,1.7000000000000002,112,0.9844968511929112,0.19670589219504828
2020,-0.07500000000000001,1.8,112,1.0121515152434577,0.1901073014345427
2020,-0.07500000000000001,1.9,112,1.0298863097255802,0.18885069063803048
2020,-0.07500000000000001,2.0,112,1.0774367897533177,0.19580548011644772
2020,-0.07500000000000001,2.1,112,1.095490451243852,0.20704838461830752
2020,-0.07500000000000001,2.2,112,1.1308449252311432,0.21595540311182454
2020,-0.07500000000000001,2.3,112,1.1500415457074415,0.2265465062981511
2020,-0.07500000000000001,2.4000000000000004,112,1.1767247017507967,0.2621459950317651
2020,-0.07500000000000001,2.5,112,1.219008376182987,0.26816330093896046
2020,-0.07500000000000001,2.6,112,1.231561651699695,0.29449778790275477
2020,-0.07500000000000001,2.7,112,1.2523360732757054,0.3152679908659405
2020,-0.07500000000000001,2.8,112,1.288915952092335,0.3347225468227496
2020,-0.07500000000000001,2.9000000000000004,112,1.2932680777093353,0.35144313264256427
2020,-0.07500000000000001,3.0,112,1.2950533577490166,0.34975121430745404
2020,-0.07500000000000001,3.1,112,1.3068447286797062,0.36895969098273396
2020,-0.07500000000000001,3.2,112,1.3074341828032698,0.3825251372913618
2020,-0.07500000000000001,3.3000000000000003,112,1.3190595132341152,0.38935272426536244
2020,-0.07500000000000001,3.4000000000000004,112,1.3231172452365099,0.40178260991223896
2020,-0.07500000000000001,3.5,112,1.3240435658846967,0.4099923971189339
2020,-0.07500000000000001,3.6,112,1.3282237606898915,0.4325354921274172
2020,-0.07500000000000001,3.7,112,1.3286746055810583,0.44908157896848133
2020,-0.07500000000000001,3.8000000000000003,112,1.350835280947576,0.4639071630605363
2020,-0.07500000000000001,3.9000000000000004,112,1.350835280947576,0.47631554582555974
2020,-0.07500000000000001,4.0,112,1.350835280947576,0.4980578948956504
2020,-0.07500000000000001,4.1,112,1.350835280947576,0.5146160582394596
2020,-0.07500000000000001,4.2,112,1.3518184867298888,0.55114905751562
2020,-0.07500000000000001,4.300000000000001,112,1.3518184867298888,0.583050848138224
2020,-0.07500000000000001,4.4,112,1.3905160911704613,0.581612747198604
2020,-0.07500000000000001,4.5,112,1.3905160911704613,0.5964244109223229
2020,-0.07500000000000001,4.6,112,1.3905160911704613,0.617567102103699
2020,-0.07500000000000001,4.7,112,1.3905160911704613,0.6603498150339732
2020,-0.07500000000000001,4.800000000000001,112,1.3907675948084193,0.6741278559101624
2020,-0.07500000000000001,4.9,112,1.3916788788870338,0.7006730032926514
2020,-0.07500000000000001,5.0,112,1.3916788788870338,0.7182086948301626
2020,-0.07500000000000001,5.1000000000000005,112,1.4457981970688523,0.7315295168284474
2020,-0.07500000000000001,5.2,112,1.4356419733688661,0.7409730279066539
2020,-0.07500000000000001,5.3,112,1.4052510543818462,0.7263835169217201
2020,-0.07500000000000001,5.4,112,1.4057786517844435,0.7069762648347652
2020,-0.07500000000000001,5.5,112,1.4057786517844435,0.7083465299196522
2020,-0.07500000000000001,5.6000000000000005,112,1.4061093396151312,0.7443650991003042
2020,-0.07500000000000001,5.7,112,1.4115271791963173,0.7363886808568383
2020,-0.07500000000000001,5.800000000000001,112,1.4118087107278487,0.7589249308183267
2020,-0.07500000000000001,5.9,111,1.3539828416635356,0.7587201515282697
2020,-0.07500000000000001,6.0,111,1.3643518520409705,0.7471691745734822
2020,-0.07500000000000001,6.1000000000000005,111,1.367000918483227,0.7496538131456637
2020,-0.07500000000000001,6.2,111,1.3671794754185407,0.7423075703320384
2020,-0.07500000000000001,6.300000000000001,111,1.3555863027583068,0.7445747215542506
2020,-0.07500000000000001,6.4,111,1.3563443495484708,0.7269750568904713
2020,-0.07500000000000001,6.5,110,1.2828469024639737,0.6793689888510388
2020,-0.07500000000000001,6.6000000000000005,110,1.2871981614853794,0.6929856898879995
2020,-0.07500000000000001,6.7,110,1.2887075123477079,0.7020433845071031
2020,-0.07500000000000001,6.800000000000001,110,1.292984705031821,0.6982245834303287
2020,-0.07500000000000001,6.9,110,1.3000533545015172,0.6746442457179824
2020,-0.07500000000000001,7.0,110,1.2791199346207542,0.6544163402343699
2020,-0.07500000000000001,7.1000000000000005,110,1.2387872772475559,0.619013717190352
2020,-0.07500000000000001,7.2,110,1.2389030850066756,0.6088984479024259
2020,-0.07500000000000001,7.300000000000001,110,1.242009718151096,0.6209992975912557
2020,-0.07500000000000001,7.4,110,1.2189134615708304,0.6206672881481394
2020,-0.07500000000000001,7.5,110,1.2189134615708304,0.602679297534855
2020,-0.07500000000000001,7.6000000000000005,110,1.2189134615708304,0.6009464014474523
2020,-0.07500000000000001,7.7,110,1.220049340494387,0.5999300364047216
2020,-0.07500000000000001,7.800000000000001,110,1.2208020909286659,0.6196851894267104
2020,-0.07500000000000001,7.9,110,1.2227708228337035,0.627310479350951
2020,-0.07500000000000001,8.0,110,1.223000434195214,0.636557814137995
2020,-0.07500000000000001,8.100000000000001,110,1.223000434195214,0.6338666149153048
2020,-0.07500000000000001,8.2,110,1.2251206467851719,0.6588085906377115
2020,-0.07500000000000001,8.3,110,1.2267744229453175,0.6275915023886799
2020,-0.07500000000000001,8.4,110,1.1964238380302636,0.6137159320504713
2020,-0.07500000000000001,8.5,110,1.1964238380302636,0.628265559259291
2020,-0.07500000000000001,8.600000000000001,110,1.1980587538289014,0.6119962581571643
2020,-0.07500000000000001,8.7,109,1.1502771827631115,0.558262441871103
2020,-0.07500000000000001,8.8,109,1.1506699106383487,0.5549987451855446
2020,-0.07500000000000001,8.9,109,1.1506699106383487,0.5550321702213831
2020,-0.07500000000000001,9.0,109,1.1512547273348654,0.5623072546506924
2020,-0.07500000000000001,9.1,109,1.1512547273348654,0.5233561158705081
2020,-0.07500000000000001,9.200000000000001,109,1.1561803857975508,0.5301051168715358
2020,-0.07500000000000001,9.3,108,1.0936526290203183,0.4694753131456705
2020,-0.07500000000000001,9.4,108,1.0852156403161286,0.45978454601349167
2020,-0.07500000000000001,9.5,108,1.0852156403161286,0.45607946136941385
2020,-0.07500000000000001,9.6,108,1.0854808097408726,0.4459188018410377
2020,-0.07500000000000001,9.700000000000001,108,1.0855724855751225,0.45155208407469377
2020,-0.07500000000000001,9.8,108,1.0862258252079149,0.44004575710888205
2020,-0.07500000000000001,9.9,107,1.0478342461020809,0.3937210913753486
2020,-0.07500000000000001,10.0,107,1.060309479758428,0.3879883542433442
2020,-0.08,1.0,112,0.793437474650883,0.17089984165922775
2020,-0.08,1.1,112,0.821032703129809,0.18381074300097736
2020,-0.08,1.2,112,0.8553442672614866,0.17934008696537565
2020,-0.08,1.3,112,0.8606410456790228,0.18685610168406472
2020,-0.08,1.4,112,0.8825611927699507,0.17550067121621796
2020,-0.08,1.5,112,0.8959516276214206,0.16817156569523392
2020,-0.08,1.6,112,0.9105735266639784,0.17715596661371208
2020,-0.08,1.7000000000000002,112,0.93465606613281,0.19283171753134026
2020,-0.08,1.8,112,0.9844968511929112,0.19656077737960645
2020,-0.08,1.9,112,1.0126108038971908,0.1887079747520377
2020,-0.08,2.0,112,1.0329697948008725,0.1926081277511825
2020,-0.08,2.1,112,1.0803901456239202,0.19559219507916162
2020,-0.08,2.2,112,1.0925158968599813,0.20140023565873583
2020,-0.08,2.3,112,1.1308003269722593,0.22100676236127578
2020,-0.08,2.4000000000000004,112,1.1441780062618125,0.22532129972725284
2020,-0.08,2.5,112,1.1707524543430918,0.23661287661698174
2020,-0.08,2.6,112,1.2151725672182114,0.2860649427240509
2020,-0.08,2.7,112,1.2271401223201235,0.28876629605783277
2020,-0.08,2.8,112,1.2494377317230136,0.3165220139511497
2020,-0.08,2.9000000000000004,112,1.2835617076327475,0.33113244346008175
2020,-0.08,3.0,112,1.2926993788922292,0.34839725749827516
2020,-0.08,3.1,112,1.2941651228962152,0.35432826657145183
2020,-0.08,3.2,112,1.299342260810241,0.36211354222187714
2020,-0.08,3.3000000000000003,112,1.3074332027056805,0.3676387125350643
2020,-0.08,3.4000000000000004,112,1.3188400457264742,0.38394309653659336
2020,-0.08,3.5,112,1.3197181783395013,0.3897979929233979
2020,-0.08,3.6,112,1.3231172452365099,0.3962464255718493
2020,-0.08,3.7,112,1.3280571440996778,0.42723178769063336
2020,-0.08,3.8000000000000003,112,1.3282237606898915,0.4257881315538908
2020,-0.08,3.9000000000000004,112,1.334661393359754,0.4440954629033985
2020,-0.08,4.0,112,1.350835280947576,0.4601202664371177
2020,-0.08,4.1,112,1.350835280947576,0.4842736897465635
2020,-0.08,4.2,112,1.350835280947576,0.4910201630746197
2020,-0.08,4.300000000000001,112,1.350835280947576,0.5099209956312863
2020,-0.08,4.4,112,1.39243224050533,0.5201620917804938
2020,-0.08,4.5,112,1.3934154462876427,0.5551838652396403
2020,-0.08,4.6,112,1.3905160911704613,0.5804499844475881
2020,-0.08,4.7,112,1.3905160911704613,0.5823761256311893
2020,-0.08,4.800000000000001,112,1.3905160911704613,0.6019431164578951
2020,-0.08,4.9,112,1.3905160911704613,0.6365442047366118
2020,-0.08,5.0,112,1.3905160911704613,0.6657797201343116
2020,-0.08,5.1000000000000005,112,1.3907675948084193,0.6789567163759653
2020,-0.08,5.2,112,1.4410631657713207,0.7025713784085219
2020,-0.08,5.3,112,1.4457981970688523,0.7123312511640448
2020,-0.08,5.4,112,1.4457981970688523,0.7254586927742608
2020,-0.08,5.5,112,1.4457981970688523,0.7428856245440683
2020,-0.08,5.6000000000000005,112,1.4362051427691866,0.7236058142465168
2020,-0.08,5.7,112,1.4057786517844435,0.7029158099118611
2020,-0.08,5.800000000000001,112,1.4057786517844435,0.7169846783937016
2020,-0.08,5.9,112,1.4057786517844435,0.7382690600322726
2020,-0.08,6.0,112,1.4065115275173188,0.7366451689064958
2020,-0.08,6.1000000000000005,111,1.3527495392444882,0.7408172094941164
2020,-0.08,6.2,111,1.3532781955760065,0.7481223395074021
2020,-0.08,6.300000000000001,111,1.3539828416635356,0.746306465380522
2020,-0.08,6.4,111,1.3643518520409705,0.746645242820747
2020,-0.08,6.5,111,1.3664726123993653,0.7435121027533135
2020,-0.08,6.6000000000000005,111,1.367208820724759,0.7606847475908302
2020,-0.08,6.7,110,1.2803065088164396,0.7076222051161437
2020,-0.08,6.800000000000001,110,1.2810293593989723,0.6950734602582278
2020,-0.08,6.9,110,1.2828469024639737,0.6994904361835007
2020,-0.08,7.0,110,1.2868614611486786,0.6981601160485613
2020,-0.08,7.1000000000000005,110,1.2887075123477079,0.7091639303067769
2020,-0.08,7.2,110,1.2922551876356372,0.66209015246844
2020,-0.08,7.300000000000001,110,1.3000533545015172,0.6828530892517942
2020,-0.08,7.4,110,1.3001366045847673,0.6728624737126213
2020,-0.08,7.5,110,1.2504825649500053,0.6215556098142057
2020,-0.08,7.6000000000000005,110,1.2394329955106793,0.6197271272608084
2020,-0.08,7.7,110,1.242009718151096,0.6372343765912805
2020,-0.08,7.800000000000001,110,1.2189134615708304,0.6044284061091193
2020,-0.08,7.9,110,1.2189134615708304,0.6006367149191816
2020,-0.08,8.0,110,1.2189134615708304,0.6004625355636322
2020,-0.08,8.100000000000001,110,1.2194641808958033,0.6112295509253349
2020,-0.08,8.2,110,1.220049340494387,0.6138872937951697
2020,-0.08,8.3,110,1.2208020909286659,0.6174031611990145
2020,-0.08,8.4,110,1.2227708228337035,0.634266358385611
2020,-0.08,8.5,110,1.2237309536757335,0.6426745054586985
2020,-0.08,8.600000000000001,110,1.2237309536757335,0.6039610064108569
2020,-0.08,8.7,110,1.2251531143176395,0.6195217414490586
2020,-0.08,8.8,110,1.2267744229453175,0.6380811068835464
2020,-0.08,8.9,109,1.1644811644563078,0.5756260109245602
2020,-0.08,9.0,109,1.149217044932245,0.5530022461206326
2020,-0.08,9.1,109,1.149217044932245,0.5658435609985313
2020,-0.08,9.200000000000001,109,1.1502771827631115,0.5622394468149463
2020,-0.08,9.3,109,1.1502771827631115,0.539449119174132
2020,-0.08,9.4,109,1.1506699106383487,0.5097043737274232
2020,-0.08,9.5,108,1.0785052644276745,0.4647678586221098
2020,-0.08,9.6,108,1.0785052644276745,0.47891182564024376
2020,-0.08,9.700000000000001,108,1.0818253175485244,0.4834563786089699
2020,-0.08,9.8,108,1.0902664761989511,0.46890808373986287
2020,-0.08,9.9,108,1.0908165312044518,0.47598344007139737
2020,-0.08,10.0,108,1.0946152252799441,0.4685720771955332
2020,-0.085,1.0,112,0.7905470008211398,0.16027190408403058
2020,-0.085,1.1,112,0.8006544503373879,0.17249197024212679
2020,-0.085,1.2,112,0.827400893329108,0.18546008953658835
2020,-0.085,1.3,112,0.8586694174843134,0.1859379771389292
2020,-0.085,1.4,112,0.8756363957480328,0.16989541507331002
2020,-0.085,1.5,112,0.892062770426228,0.1574809480872986
2020,-0.085,1.6,112,0.906110538576573,0.16675390250597186
2020,-0.085,1.7000000000000002,112,0.9174383138595437,0.174835073129519
2020,-0.085,1.8,112,0.9371300422443269,0.19315127749584368
2020,-0.085,1.9,112,0.9615107819086555,0.19650127395194025
2020,-0.085,2.0,112,0.9981195026696019,0.18594047504621822
2020,-0.085,2.1,112,1.033667793870207,0.19234594559918308
2020,-0.085,2.2,112,1.0709327417221932,0.19946393638661997
2020,-0.085,2.3,112,1.0893162078361622,0.19203418999101854
2020,-0.085,2.4000000000000004,112,1.1195433184474912,0.22370796917026523
2020,-0.085,2.5,112,1.1407947577491984,0.223575244007921
2020,-0.085,2.6,112,1.1599762703442447,0.2313436642386786
2020,-0.085,2.7,112,1.1854499866672044,0.2764371780492302
2020,-0.085,2.8,112,1.2259433744096508,0.2880241001631946
2020,-0.085,2.9000000000000004,112,1.2475251832686225,0.29703049821743116
2020,-0.085,3.0,112,1.2699761338817,0.3194497454569426
2020,-0.085,3.1,112,1.291791356563112,0.33444376019894134
2020,-0.085,3.2,112,1.2935974102620287,0.3488303467325043
2020,-0.085,3.3000000000000003,112,1.2949886713081098,0.35653160340481843
2020,-0.085,3.4000000000000004,112,1.3036757933864516,0.3654554721210288
2020,-0.085,3.5,112,1.3074332027056805,0.37533633245378273
2020,-0.085,3.6,112,1.3194987108318603,0.38509026621121667
2020,-0.085,3.7,112,1.3229176939877874,0.38887607518542433
2020,-0.085,3.8000000000000003,112,1.3231172452365099,0.4055691672275482
2020,-0.085,3.9000000000000004,112,1.3280571440996778,0.412527067325735
2020,-0.085,4.0,112,1.3342105484685867,0.42621044413281867
2020,-0.085,4.1,112,1.3503844360564088,0.44818669739949657
2020,-0.085,4.2,112,1.350835280947576,0.45679035523689265
2020,-0.085,4.300000000000001,112,1.350835280947576,0.47470767142098297
2020,-0.085,4.4,112,1.350835280947576,0.48115091298021656
2020,-0.085,4.5,112,1.39243224050533,0.48917761842125823
2020,-0.085,4.6,112,1.39243224050533,0.5200252609437312
2020,-0.085,4.7,112,1.4019049076459567,0.5488484378853825
2020,-0.085,4.800000000000001,112,1.4019049076459567,0.5612463873373013
2020,-0.085,4.9,112,1.3905160911704613,0.5748570188565159
2020,-0.085,5.0,112,1.3905160911704613,0.5903403883651672
2020,-0.085,5.1000000000000005,112,1.3905160911704613,0.614506719921401
2020,-0.085,5.2,112,1.4400290781834484,0.6377455365434116
2020,-0.085,5.3,112,1.4400290781834484,0.6639565609195076
2020,-0.085,5.4,112,1.4448869129902377,0.678885766530012
2020,-0.085,5.5,112,1.445669496940152,0.6880201048115417
2020,-0.085,5.6000000000000005,112,1.4457981970688523,0.7224028977449679
2020,-0.085,5.7,112,1.4457981970688523,0.7254911882068052
2020,-0.085,5.800000000000001,112,1.4463257944714498,0.7355429346405878
2020,-0.085,5.9,112,1.4362051427691866,0.7300184934038761
2020,-0.085,6.0,112,1.4057786517844435,0.7169211549417259
2020,-0.085,6.1000000000000005,112,1.4057786517844435,0.7048914628624617
2020,-0.085,6.2,112,1.4057786517844435,0.7362782408512896
2020,-0.085,6.300000000000001,111,1.3469492232973723,0.7210634630091551
2020,-0.085,6.4,111,1.3527495392444882,0.7543808857653606
2020,-0.085,6.5,111,1.3532781955760065,0.7397122085356472
2020,-0.085,6.6000000000000005,111,1.3532781955760065,0.7492471209777762
2020,-0.085,6.7,111,1.3637432963777696,0.7438494941626337
2020,-0.085,6.800000000000001,111,1.3643518520409705,0.7490958957342795
2020,-0.085,6.9,110,1.2912917849087808,0.7365311634703031
2020,-0.085,7.0,110,1.2920346860371326,0.7214141389024563
2020,-0.085,7.1000000000000005,110,1.2803065088164396,0.7032722331840457
2020,-0.085,7.2,110,1.28263293850001,0.7034399112530949
2020,-0.085,7.300000000000001,110,1.2830739284238988,0.7042109609221721
2020,-0.085,7.4,110,1.2868614611486786,0.7058763862113298
2020,-0.085,7.5,110,1.2898169913788338,0.6693646797826636
2020,-0.085,7.6000000000000005,110,1.2919660474026242,0.6786442159165843
2020,-0.085,7.7,110,1.2950692446959788,0.6762666424661917
2020,-0.085,7.800000000000001,110,1.3001366045847673,0.6672566558767512
2020,-0.085,7.9,110,1.3019316248511252,0.6866348860943282
2020,-0.085,8.0,110,1.251128283213129,0.6452968822615814
2020,-0.085,8.100000000000001,110,1.2394329955106793,0.6135873913013696
2020,-0.085,8.2,110,1.242033269729052,0.6029667652384642
2020,-0.085,8.3,110,1.2189134615708304,0.608214279085405
2020,-0.085,8.4,110,1.2189134615708304,0.6186139544710432
2020,-0.085,8.5,110,1.2194641808958033,0.610472565568401
2020,-0.085,8.600000000000001,110,1.2195220847753632,0.6147727017235304
2020,-0.085,8.7,110,1.220049340494387,0.6166565521322678
2020,-0.085,8.8,110,1.2208020909286659,0.6257411534225448
2020,-0.085,8.9,110,1.2235013423142231,0.5994161843157868
2020,-0.085,9.0,110,1.2237634212082011,0.610395458836454
2020,-0.085,9.1,110,1.2237634212082011,0.6142539360895597
2020,-0.085,9.200000000000001,109,1.177620115366425,0.5902923076363447
2020,-0.085,9.3,109,1.1792562983851824,0.5744140618498836
2020,-0.085,9.4,109,1.1798460755804643,0.5738724853141149
2020,-0.085,9.5,109,1.149217044932245,0.5620075025724318
2020,-0.085,9.6,109,1.149217044932245,0.5463282317587871
2020,-0.085,9.700000000000001,108,1.0775186685172933,0.47406871905069037
2020,-0.085,9.8,108,1.0775186685172933,0.463493132665462
2020,-0.085,9.9,108,1.0775186685172933,0.4667583610869758
2020,-0.085,10.0,108,1.0785052644276745,0.47201202942979814
2020,-0.09,1.0,112,0.7809818704039125,0.16616723048888926
2020,-0.09,1.1,112,0.7931709145643006,0.17337088561790173
2020,-0.09,1.2,112,0.8197529412250473,0.18275739740740202
2020,-0.09,1.3,112,0.8553442672614866,0.1784304608401224
2020,-0.09,1.4,112,0.8596005174458716,0.17516784901424204
2020,-0.09,1.5,112,0.8807015566392579,0.15922071726818773
2020,-0.09,1.6,112,0.892062770426228,0.16287134864650848
2020,-0.09,1.7000000000000002,112,0.9133365205370197,0.16622731239495514
2020,-0.09,1.8,112,0.923821606967398,0.17859732054734465
2020,-0.09,1.9,112,0.9410577349558967,0.1930791867772279
2020,-0.09,2.0,112,0.9512243726194443,0.17388396211439378
2020,-0.09,2.1,112,0.9904970284034944,0.18295824531273136
2020,-0.09,2.2,112,1.0301995448801566,0.19491998127867408
2020,-0.09,2.3,112,1.0512905608635543,0.19937867536805598
2020,-0.09,2.4000000000000004,112,1.08953090224506,0.21390125861609954
2020,-0.09,2.5,112,1.1042718131504907,0.2228557301385359
2020,-0.09,2.6,112,1.1381666865690285,0.21854419094349553
2020,-0.09,2.7,112,1.1540761529806753,0.2220657809973503
2020,-0.09,2.8,112,1.183921934107872,0.2760582092560589
2020,-0.09,2.9000000000000004,112,1.2242673032858689,0.28266090765757973
2020,-0.09,3.0,112,1.2344772862898732,0.2880886099596804
2020,-0.09,3.1,112,1.2698939691139521,0.31567700542706684
2020,-0.09,3.2,112,1.2835488190417281,0.3291186068706734
2020,-0.09,3.3000000000000003,112,1.292585181271049,0.3461849898948627
2020,-0.09,3.4000000000000004,112,1.2941651228962152,0.35051402708076657
2020,-0.09,3.5,112,1.2992775743693343,0.3660411605652594
2020,-0.09,3.6,112,1.3042642674124258,0.3665712920073544
2020,-0.09,3.7,112,1.319497730734271,0.37796206656076775
2020,-0.09,3.8000000000000003,112,1.3205232134683071,0.3819322950516523
2020,-0.09,3.9000000000000004,112,1.3229176939877874,0.38724482304276736
2020,-0.09,4.0,112,1.3272974400417046,0.4131722647980437
2020,-0.09,4.1,112,1.3280571440996778,0.4117710910568112
2020,-0.09,4.2,112,1.3503844360564088,0.43321524833317315
2020,-0.09,4.300000000000001,112,1.3503844360564088,0.4451167877323531
2020,-0.09,4.4,112,1.350835280947576,0.4595503577712419
2020,-0.09,4.5,112,1.350835280947576,0.4721597139705424
2020,-0.09,4.6,112,1.39243224050533,0.46119429028216785
2020,-0.09,4.7,112,1.39243224050533,0.48486250679013904
2020,-0.09,4.800000000000001,112,1.4009217018636437,0.5183140606207013
2020,-0.09,4.9,112,1.4009217018636437,0.5385728612758727
2020,-0.09,5.0,112,1.4019049076459567,0.5557529890782219
2020,-0.09,5.1000000000000005,112,1.4019049076459567,0.5741461142952607
2020,-0.09,5.2,112,1.3905160911704613,0.5828580083081192
2020,-0.09,5.3,112,1.4400290781834484,0.5864105581061073
2020,-0.09,5.4,112,1.4400290781834484,0.6156808807941294
2020,-0.09,5.5,112,1.4400290781834484,0.6551274760193817
2020,-0.09,5.6000000000000005,112,1.4446354093522797,0.6783492808976301
2020,-0.09,5.7,112,1.4448869129902377,0.6847766126881037
2020,-0.09,5.800000000000001,112,1.445669496940152,0.6984598485927039
2020,-0.09,5.9,112,1.4457981970688523,0.7233231775084855
2020,-0.09,6.0,112,1.4463257944714498,0.7111671467376818
2020,-0.09,6.1000000000000005,112,1.4463257944714498,0.7411020660103124
2020,-0.09,6.2,112,1.4360764426404864,0.7110709865010981
2020,-0.09,6.300000000000001,112,1.4057786517844435,0.7182894494912097
2020,-0.09,6.4,112,1.4057786517844435,0.7030457568434064
2020,-0.09,6.5,111,1.3469492232973723,0.7069740862482589
2020,-0.09,6.6000000000000005,111,1.3469492232973723,0.7169022797273235
2020,-0.09,6.7,111,1.3523437280278663,0.7493936695953659
2020,-0.09,6.800000000000001,111,1.3527495392444882,0.7456447775409427
2020,-0.09,6.9,111,1.3532781955760065,0.7561232861224186
2020,-0.09,7.0,111,1.3557212230680535,0.7432966690489943
2020,-0.09,7.1000000000000005,110,1.2886605070462025,0.7340742087048391
2020,-0.09,7.2,110,1.2891517449107643,0.7348079425567895
2020,-0.09,7.300000000000001,110,1.2913213969905102,0.705520907401723
2020,-0.09,7.4,110,1.2920346860371326,0.7198494061324484
2020,-0.09,7.5,110,1.2920729545973841,0.709857806408333
2020,-0.09,7.6000000000000005,110,1.28263293850001,0.7063541317602882
2020,-0.09,7.7,110,1.2829266220265922,0.7131328745974058
2020,-0.09,7.800000000000001,110,1.2862007379201352,0.666752271625191
2020,-0.09,7.9,110,1.2890090995512973,0.6752112774022777
2020,-0.09,8.0,110,1.2919660474026242,0.6715581606023743
2020,-0.09,8.100000000000001,110,1.2943397272997947,0.6694200298168543
2020,-0.09,8.2,110,1.3001366045847673,0.6937774346564443
2020,-0.09,8.3,110,1.3001366045847673,0.6881129631663264
2020,-0.09,8.4,110,1.251012475454009,0.618540871218545
2020,-0.09,8.5,110,1.2394329955106793,0.6094634095269053
2020,-0.09,8.600000000000001,110,1.242033269729052,0.6181761997019645
2020,-0.09,8.7,110,1.216742066087333,0.6083801977992548
2020,-0.09,8.8,110,1.2189134615708304,0.617092520947662
2020,-0.09,8.9,110,1.2194641808958033,0.6145364712209932
2020,-0.09,9.0,110,1.2194641808958033,0.609982016069837
2020,-0.09,9.1,110,1.2195220847753632,0.6211914435603779
2020,-0.09,9.200000000000001,110,1.220049340494387,0.578064395206877
2020,-0.09,9.3,110,1.2215326104091855,0.5926953168409385
2020,-0.09,9.4,110,1.2235338098466906,0.6189357915410864
2020,-0.09,9.5,109,1.1762176727789184,0.5874158455333166
2020,-0.09,9.6,109,1.1762176727789184,0.547979197623738
2020,-0.09,9.700000000000001,109,1.1782098925617066,0.5592047677334003
2020,-0.09,9.8,109,1.1798460755804643,0.5687637129773204
2020,-0.09,9.9,109,1.1798460755804643,0.555748809048083
2020,-0.09,10.0,108,1.0924494066547388,0.47812051981726633
2020,-0.095,1.0,112,0.7724605005030989,0.16177572836011314
2020,-0.095,1.1,112,0.7905470008211398,0.16278735785885837
2020,-0.095,1.2,112,0.8006544503373879,0.16612584064981234
2020,-0.095,1.3,112,0.82220839079618,0.18254512723402574
2020,-0.095,1.4,112,0.8586694174843134,0.17923190524549806
2020,-0.095,1.5,112,0.8759061678659953,0.16143540621004573
2020,-0.095,1.6,112,0.8814946535945215,0.1553881575338941
2020,-0.095,1.7000000000000002,112,0.9029287295420463,0.16289588884708825
2020,-0.095,1.8,112,0.9141602437660149,0.17176605660857616
2020,-0.095,1.9,112,0.9244541087325191,0.1792647874432403
2020,-0.095,2.0,112,0.9410577349558967,0.19725053770575623
2020,-0.095,2.1,112,0.9512243726194443,0.1755922129771826
2020,-0.095,2.2,112,0.9912477244797299,0.18305127112800865
2020,-0.095,2.3,112,1.0275678328965827,0.19412244349474087
2020,-0.095,2.4000000000000004,112,1.0512905608635543,0.195450831539485
2020,-0.095,2.5,112,1.088739309803946,0.21443162826994297
2020,-0.095,2.6,112,1.0999327303202802,0.2238124888275486
2020,-0.095,2.7,112,1.1332409616090569,0.22204804131530084
2020,-0.095,2.8,112,1.1464539765001647,0.23747693547556065
2020,-0.095,2.9000000000000004,112,1.1809040053276672,0.25596179356886245
2020,-0.095,3.0,112,1.1949912684519988,0.280282604943375
2020,-0.095,3.1,112,1.2331005056840816,0.28789503389112986
2020,-0.095,3.2,112,1.2642300483599676,0.31019080103648056
2020,-0.095,3.3000000000000003,112,1.2756220248759516,0.3235808310549514
2020,-0.095,3.4000000000000004,112,1.292585181271049,0.33598988907121585
2020,-0.095,3.5,112,1.2930287114449222,0.34495433880802195
2020,-0.095,3.6,112,1.2941651228962152,0.3666478298002686
2020,-0.095,3.7,112,1.3036111069455447,0.3683488173578652
2020,-0.095,3.8000000000000003,112,1.3049229325178124,0.36594925216488244
2020,-0.095,3.9000000000000004,112,1.3203027658630766,0.3782945872352808
2020,-0.095,4.0,112,1.3229176939877874,0.3847287512379071
2020,-0.095,4.1,112,1.3229176939877874,0.3927710633720919
2020,-0.095,4.2,112,1.3272974400417046,0.41329271712557736
2020,-0.095,4.300000000000001,112,1.349632572779152,0.41552925433598903
2020,-0.095,4.4,112,1.3503844360564088,0.43372644544045286
2020,-0.095,4.5,112,1.3503844360564088,0.4315963981749277
2020,-0.095,4.6,112,1.350835280947576,0.45485473732154863
2020,-0.095,4.7,112,1.39243224050533,0.4489564484844824
2020,-0.095,4.800000000000001,112,1.39243224050533,0.4600047344896016
2020,-0.095,4.9,112,1.4009217018636437,0.48560168650835894
2020,-0.095,5.0,112,1.4009217018636437,0.5124359315511742
2020,-0.095,5.1000000000000005,112,1.4009217018636437,0.5189833568918816
2020,-0.095,5.2,112,1.4009217018636437,0.5523320196044769
2020,-0.095,5.3,112,1.4019049076459567,0.5747571238201292
2020,-0.095,5.4,112,1.4514178946589438,0.5574196443476203
2020,-0.095,5.5,112,1.4400290781834484,0.5782376937493822
2020,-0.095,5.6000000000000005,112,1.4400290781834484,0.616950098197546
2020,-0.095,5.7,112,1.4400290781834484,0.639896152990685
2020,-0.095,5.800000000000001,112,1.4446354093522797,0.6613533533592663
2020,-0.095,5.9,112,1.4446354093522797,0.6808040552630935
2020,-0.095,6.0,112,1.4447421253454495,0.6732290281375791
2020,-0.095,6.1000000000000005,112,1.445669496940152,0.7023823315352692
2020,-0.095,6.2,112,1.4463257944714498,0.704444557038025
2020,-0.095,6.300000000000001,112,1.4463257944714498,0.7082478081943883
2020,-0.095,6.4,112,1.4463257944714498,0.7174826480803167
2020,-0.095,6.5,112,1.4463257944714498,0.7056931106473326
2020,-0.095,6.6000000000000005,112,1.4362051427691866,0.7113528269681807
2020,-0.095,6.7,112,1.4057786517844435,0.7080109158202248
2020,-0.095,6.800000000000001,111,1.3469492232973723,0.7168986443882213
2020,-0.095,6.9,111,1.3469492232973723,0.7254967220539682
2020,-0.095,7.0,111,1.350502577448336,0.7539009171923563
2020,-0.095,7.1000000000000005,111,1.3527495392444882,0.7503132993157827
2020,-0.095,7.2,111,1.3529941277243707,0.7619832828112802
2020,-0.095,7.300000000000001,110,1.277977418841573,0.7265621765617404
2020,-0.095,7.4,110,1.2885376569233524,0.7331835327950844
2020,-0.095,7.5,110,1.2886605070462025,0.7330405227993422
2020,-0.095,7.6000000000000005,110,1.2891517449107643,0.7128621145197969
2020,-0.095,7.7,110,1.2913213969905102,0.7246067655902009
2020,-0.095,7.800000000000001,110,1.2920346860371326,0.7237963483842871
2020,-0.095,7.9,110,1.2925763599867832,0.7240230969361218
2020,-0.095,8.0,110,1.28263293850001,0.7146748789541539
2020,-0.095,8.100000000000001,110,1.2829266220265922,0.6866183330725439
2020,-0.095,8.2,110,1.2862007379201352,0.6723269064260395
2020,-0.095,8.3,110,1.2886723992145968,0.6709600197132223
2020,-0.095,8.4,110,1.2898169913788338,0.6630645843647456
2020,-0.095,8.5,110,1.2922551876356372,0.6901299939993162
2020,-0.095,8.600000000000001,110,1.2951524947792288,0.6941343749317628
2020,-0.095,8.7,110,1.3001366045847673,0.6671267002214782
2020,-0.095,8.8,110,1.3024615353551288,0.6529768508379872
2020,-0.095,8.9,110,1.251128283213129,0.6315311466453598
2020,-0.095,9.0,110,1.239456547088635,0.6232731653538716
2020,-0.095,9.1,110,1.242033269729052,0.6252570101073147
2020,-0.095,9.200000000000001,110,1.2189134615708304,0.6071637797700524
2020,-0.095,9.3,110,1.2194641808958033,0.6124670182411465
2020,-0.095,9.4,110,1.2194641808958033,0.5988797938745846
2020,-0.095,9.5,110,1.2194641808958033,0.5766814994894486
2020,-0.095,9.6,110,1.2202526042558826,0.5769481295558407
2020,-0.095,9.700000000000001,109,1.1732067394242174,0.5599025186775629
2020,-0.095,9.8,109,1.1739991612255212,0.5700085306492445
2020,-0.095,9.9,109,1.1759859548911555,0.5618352317555441
2020,-0.095,10.0,109,1.1759859548911555,0.5586650875536315
2020,-0.1,1.0,112,0.7572518612365806,0.16386441045548586
2020,-0.1,1.1,112,0.7837825450388269,0.15914322006073914
2020,-0.1,1.2,112,0.7933542023602934,0.15703389534356357
2020,-0.1,1.3,112,0.8189371536424085,0.17898727111046825
2020,-0.1,1.4,112,0.8504633148805344,0.17458861127566547
2020,-0.1,1.5,112,0.8589499598935044,0.17127532851990193
2020,-0.1,1.6,112,0.8770287606209713,0.15441654194903345
2020,-0.1,1.7000000000000002,112,0.8864257091163482,0.1565751385254181
2020,-0.1,1.8,112,0.9066120614393407,0.16429558248875087
2020,-0.1,1.9,112,0.9163448065552232,0.1776291418894769
2020,-0.1,2.0,112,0.9293319010692702,0.1846266103540584
2020,-0.1,2.1,112,0.9518287443273061,0.1941490278888143
2020,-0.1,2.2,112,0.9558552069406246,0.17481824891627576
2020,-0.1,2.3,112,0.9832897703422885,0.18101878314706316
2020,-0.1,2.4000000000000004,112,1.024650573855261,0.19187022033817167
2020,-0.1,2.5,112,1.0407007241181867,0.19780083778692256
2020,-0.1,2.6,112,1.0858156048756311,0.21483535646539648
2020,-0.1,2.7,112,1.0998908423994675,0.22225967354311563
2020,-0.1,2.8,112,1.1325857587359902,0.22027725354420902
2020,-0.1,2.9000000000000004,112,1.1464539765001647,0.23455130298307322
2020,-0.1,3.0,112,1.1750404658820381,0.2459515896755824
2020,-0.1,3.1,112,1.188530495033859,0.27377281432524475
2020,-0.1,3.2,112,1.2362118187168611,0.28343547192711044
2020,-0.1,3.3000000000000003,112,1.2592273009013495,0.2913573331865619
2020,-0.1,3.4000000000000004,112,1.275539860108204,0.3086375482200908
2020,-0.1,3.5,112,1.2925722926800296,0.3304577978882333
2020,-0.1,3.6,112,1.292585181271049,0.34532822111538064
2020,-0.1,3.7,112,1.2935964240791087,0.34549488945847345
2020,-0.1,3.8000000000000003,112,1.2984540259574398,0.3691145464564997
2020,-0.1,3.9000000000000004,112,1.3048582460769058,0.3678707655768271
2020,-0.1,4.0,112,1.3171338305698221,0.37966465907393515
2020,-0.1,4.1,112,1.3203027658630766,0.3802231914536054
2020,-0.1,4.2,112,1.3229176939877874,0.3828839384070516
2020,-0.1,4.300000000000001,112,1.3270978887929823,0.39669329313524715
2020,-0.1,4.4,112,1.3434546659705053,0.4104646651820692
2020,-0.1,4.5,112,1.3494581154082224,0.4159263624589306
2020,-0.1,4.6,112,1.3502178194661951,0.43352025809398015
2020,-0.1,4.7,112,1.3919813956141631,0.42537438301835245
2020,-0.1,4.800000000000001,112,1.3919813956141631,0.4304161819661673
2020,-0.1,4.9,112,1.39243224050533,0.43948274287551115
2020,-0.1,5.0,112,1.4009217018636437,0.4501954653261097
2020,-0.1,5.1000000000000005,112,1.4009217018636437,0.48078617239088334
2020,-0.1,5.2,112,1.4009217018636437,0.5233499606247315
2020,-0.1,5.3,112,1.4009217018636437,0.517058545073855
2020,-0.1,5.4,112,1.450434688876631,0.512737558818248
2020,-0.1,5.5,112,1.450434688876631,0.5523606706565676
2020,-0.1,5.6000000000000005,112,1.4514178946589438,0.5538427274093245
2020,-0.1,5.7,112,1.4400290781834484,0.5674724258725543
2020,-0.1,5.800000000000001,112,1.4400290781834484,0.6104646399344912
2020,-0.1,5.9,112,1.4400290781834484,0.6280658190724743
2020,-0.1,6.0,112,1.4446354093522797,0.64387549690654
2020,-0.1,6.1000000000000005,112,1.4446354093522797,0.6604491656607261
2020,-0.1,6.2,112,1.4446354093522797,0.6801073492692791
2020,-0.1,6.300000000000001,112,1.4447421253454495,0.6839772938501387
2020,-0.1,6.4,112,1.4461970943427496,0.700829765653635
2020,-0.1,6.5,112,1.4463257944714498,0.7089500902794897
2020,-0.1,6.6000000000000005,112,1.4463257944714498,0.697604654452401
2020,-0.1,6.7,112,1.4463257944714498,0.6929026814284888
2020,-0.1,6.800000000000001,112,1.4463257944714498,0.7111750145976686
2020,-0.1,6.9,112,1.4362051427691866,0.7134987601800704
2020,-0.1,7.0,111,1.3469492232973723,0.6948366593331039
2020,-0.1,7.1000000000000005,111,1.3469492232973723,0.7231178307723765
2020,-0.1,7.2,111,1.3469492232973723,0.7285209474505908
2020,-0.1,7.300000000000001,111,1.3469492232973723,0.7499347171026798
2020,-0.1,7.4,111,1.352010061027533,0.756603114003224
2020,-0.1,7.5,110,1.2776907685549226,0.7328654317711484
2020,-0.1,7.6000000000000005,110,1.277977418841573,0.7297786859776896
2020,-0.1,7.7,110,1.2800428240246253,0.7332399018583845
2020,-0.1,7.800000000000001,110,1.2885376569233524,0.7595077522968918
2020,-0.1,7.9,110,1.2886817673574535,0.7220823602162625
2020,-0.1,8.0,110,1.2891813569924937,0.7261546875052788
2020,-0.1,8.100000000000001,110,1.2913213969905102,0.7253003288367367
2020,-0.1,8.2,110,1.2920346860371326,0.7288316172697249
2020,-0.1,8.3,110,1.2936765336984217,0.7186654378947054
2020,-0.1,8.4,110,1.282859964459935,0.7010844868605244
2020,-0.1,8.5,110,1.2829020520020225,0.6576490211024406
2020,-0.1,8.600000000000001,110,1.2862007379201352,0.6765430540641233
2020,-0.1,8.7,110,1.2886723992145968,0.6882843114353827
2020,-0.1,8.8,110,1.2898169913788338,0.6879835158342392
2020,-0.1,8.9,110,1.2919660474026242,0.6884982111224793
2020,-0.1,9.0,110,1.2950692446959788,0.6730454749905589
2020,-0.1,9.1,110,1.2966714625222897,0.6714982057215055
2020,-0.1,9.200000000000001,110,1.3024615353551288,0.6733960346963191
2020,-0.1,9.3,110,1.272144953177142,0.6496429342550839
2020,-0.1,9.4,110,1.2511518347910846,0.6340920816119849
2020,-0.1,9.5,110,1.242033269729052,0.6223006769960218
2020,-0.1,9.6,110,1.216742066087333,0.6065287194834549
2020,-0.1,9.700000000000001,110,1.2194641808958033,0.5887005162732493
2020,-0.1,9.8,110,1.2194641808958033,0.5792612939047017
2020,-0.1,9.9,110,1.2194641808958033,0.5747991781531551
2020,-0.1,10.0,109,1.1726162113889493,0.5460397586431203
