2019,-0.05,1.0,8,0.9264702686156542,0.41266788625671397
2019,-0.05,1.1,8,0.9264702686156542,0.41818997461012763
2019,-0.05,1.2,8,0.9427855296598309,0.40297428729948154
2019,-0.05,1.3,8,0.9427855296598309,0.41384385251687283
2019,-0.05,1.4,8,0.9430227213106848,0.3876129526866522
2019,-0.05,1.5,8,0.9456318294700775,0.39421392456330917
2019,-0.05,1.6,8,0.8188072532929652,0.27606439485018663
2019,-0.05,1.7000000000000002,8,0.8444239515851854,0.273535040122321
2019,-0.05,1.8,8,0.8567579174295876,0.2851529888755718
2019,-0.05,1.9,8,0.8717009914333826,0.2925648275863054
2019,-0.05,2.0,8,0.8844364986797594,0.3495779333807114
2019,-0.05,2.1,8,0.8844364986797594,0.3698926763068674
2019,-0.05,2.2,8,0.8983114986797593,0.39064090982769883
2019,-0.05,2.3,8,0.9082178996459429,0.4465698307058359
2019,-0.05,2.4000000000000004,8,0.9082178996459429,0.5025433406987482
2019,-0.05,2.5,8,0.9190106628038377,0.5520245466042853
2019,-0.05,2.6,8,0.9229357835767846,0.5481201829654216
2019,-0.05,2.7,8,0.9395420637700214,0.5966697377072576
2019,-0.05,2.8,8,0.943818379559495,0.6120611404765829
2019,-0.05,2.9000000000000004,8,0.943818379559495,0.6375073100580378
2019,-0.05,3.0,8,0.961910484822653,0.6711936294499712
2019,-0.05,3.1,8,1.0393080585941534,0.6709268568686824
2019,-0.05,3.2,8,1.0568239821610326,0.6857859478430113
2019,-0.05,3.3000000000000003,8,1.0568239821610326,0.6787431707658254
2019,-0.05,3.4000000000000004,8,1.0745263706624064,0.7393598689849861
2019,-0.05,3.5,8,1.165106080807334,0.7290018109797596
2019,-0.05,3.6,8,1.1880529407107157,0.7355055825243785
2019,-0.05,3.7,8,1.1880529407107157,0.7511600832313922
2019,-0.05,3.8000000000000003,8,1.2867371512370316,0.7116135881772931
2019,-0.05,3.9000000000000004,8,1.3117371512370315,0.6830093649256935
2019,-0.05,4.0,8,1.3117371512370315,0.6948499573487396
2019,-0.05,4.1,8,1.3117371512370315,0.6954011602941578
2019,-0.05,4.2,8,1.3117371512370315,0.652280668590319
2019,-0.05,4.300000000000001,8,1.3117371512370315,0.7100319241916844
2019,-0.05,4.4,8,1.3117371512370315,0.706543755154448
2019,-0.05,4.5,8,1.3117371512370315,0.7705087720536711
2019,-0.05,4.6,8,1.3117371512370315,0.7803667842156877
2019,-0.05,4.7,8,1.3117371512370315,0.7877858627464195
2019,-0.05,4.800000000000001,8,1.3117371512370315,0.8956852311909324
2019,-0.05,4.9,8,1.3117371512370315,0.8883114381058786
2019,-0.05,5.0,8,1.3119743428878854,0.9186031802470088
2019,-0.05,5.1000000000000005,8,1.3195644757152099,0.9377667130108417
2019,-0.05,5.2,8,1.3295932054348474,0.9383401643112995
2019,-0.05,5.3,8,1.3295932054348474,0.9561845317417843
2019,-0.05,5.4,8,1.330304780387409,0.9953609743543399
2019,-0.05,5.5,8,1.3514148373134052,1.015313461249342
2019,-0.05,5.6000000000000005,8,1.3620884616018303,1.033614544339317
2019,-0.05,5.7,8,1.3620884616018303,0.9990397233250186
2019,-0.05,5.800000000000001,8,1.3620884616018303,1.0483371054502166
2019,-0.05,5.9,8,1.3620884616018303,1.108124362928287
2019,-0.05,6.0,8,1.3758455773513558,1.103137259354417
2019,-0.05,6.1000000000000005,8,1.3814188257589992,1.0238001928808518
2019,-0.05,6.2,8,1.3833163589658304,1.020439283907895
2019,-0.05,6.300000000000001,8,1.3833163589658304,1.085695517615757
2019,-0.05,6.4,8,1.3833163589658304,1.0997533054471198
2019,-0.05,6.5,8,1.3833163589658304,1.1187695779731375
2019,-0.05,6.6000000000000005,8,1.3835535506166843,1.147917776884705
2019,-0.05,6.7,8,1.3835535506166843,1.1773119795443667
2019,-0.05,6.800000000000001,8,1.3835535506166843,1.1779866905205312
2019,-0.05,6.9,8,1.3835535506166843,1.1626004647130321
2019,-0.05,7.0,8,1.3835535506166843,1.127963015591441
2019,-0.05,7.1000000000000005,8,1.3835535506166843,1.1640703760741393
2019,-0.05,7.2,8,1.3835535506166843,1.211592899070578
2019,-0.05,7.300000000000001,8,1.3908080149023985,1.0486976919385087
2019,-0.05,7.4,8,1.4020678574220835,1.0898362790871432
2019,-0.05,7.5,8,1.4020678574220835,1.1156285970671922
2019,-0.05,7.6000000000000005,8,1.4020678574220835,1.063406317603163
2019,-0.05,7.7,8,1.4020678574220835,0.8838654981188737
2019,-0.05,7.800000000000001,8,1.4020678574220835,0.8783746431747453
2019,-0.05,7.9,8,1.4020678574220835,0.8505796073372761
2019,-0.05,8.0,8,1.4020678574220835,0.8576290946359534
2019,-0.05,8.100000000000001,8,1.4020678574220835,0.8942038753196154
2019,-0.05,8.2,8,1.4020678574220835,0.8972926911090892
2019,-0.05,8.3,8,1.4020678574220835,0.7828226914337232
2019,-0.05,8.4,8,1.4020678574220835,0.7819702771274
2019,-0.05,8.5,8,1.4020678574220835,0.7943930612060578
2019,-0.05,8.600000000000001,8,1.4020678574220835,0.8330816549231146
2019,-0.05,8.7,8,1.4020678574220835,0.8073687799090405
2019,-0.05,8.8,8,1.4020678574220835,0.6598761691883277
2019,-0.05,8.9,8,1.4020678574220835,0.6758806085400972
2019,-0.05,9.0,8,1.4020678574220835,0.6805226266451063
2019,-0.05,9.1,8,1.4020678574220835,0.6852458343012403
2019,-0.05,9.200000000000001,8,1.4020678574220835,0.6663299751542923
2019,-0.05,9.3,8,1.4020678574220835,0.6035515829678547
2019,-0.05,9.4,8,1.4020678574220835,0.6596748991576235
2019,-0.05,9.5,8,1.4020678574220835,0.6567749191316572
2019,-0.05,9.6,8,1.4020678574220835,0.6776648722575188
2019,-0.05,9.700000000000001,8,1.4020678574220835,0.6047630323305832
2019,-0.05,9.8,8,1.4020678574220835,0.5115587469604914
2019,-0.05,9.9,8,1.4020678574220835,0.4999899974500734
2019,-0.05,10.0,8,1.4020678574220835,0.36373112569100335
2019,-0.055,1.0,8,0.9264702686156542,0.4144249143691638
2019,-0.055,1.1,8,0.9264702686156542,0.41266788625671397
2019,-0.055,1.2,8,0.9264702686156542,0.44154523776802235
2019,-0.055,1.3,8,0.9264702686156542,0.4161028886614512
2019,-0.055,1.4,8,0.9427855296598309,0.41384385251687283
2019,-0.055,1.5,8,0.9427855296598309,0.3977947163938329
2019,-0.055,1.6,8,0.9456318294700775,0.39551368570980594
2019,-0.055,1.7000000000000002,8,0.8188072532929652,0.27606439485018663
2019,-0.055,1.8,8,0.8188072532929652,0.2718746985663437
2019,-0.055,1.9,8,0.8567579174295876,0.2810508439853577
2019,-0.055,2.0,8,0.8567579174295876,0.31224345906817697
2019,-0.055,2.1,8,0.8844364986797594,0.34103903394997137
2019,-0.055,2.2,8,0.8844364986797594,0.3687766048782959
2019,-0.055,2.3,8,0.8983114986797593,0.39008287411341314
2019,-0.055,2.4000000000000004,8,0.9082178996459429,0.4388542192596445
2019,-0.055,2.5,8,0.9082178996459429,0.4935443529988296
2019,-0.055,2.6,8,0.9082178996459429,0.5025433406987482
2019,-0.055,2.7,8,0.9229357835767846,0.5469776392543888
2019,-0.055,2.8,8,0.9229357835767846,0.5513970371853705
2019,-0.055,2.9000000000000004,8,0.9395420637700214,0.6025415529938818
2019,-0.055,3.0,8,0.943818379559495,0.6337122436443755
2019,-0.055,3.1,8,0.961910484822653,0.6800523140528445
2019,-0.055,3.2,8,0.9625076185806147,0.6494570191236957
2019,-0.055,3.3000000000000003,8,1.0568239821610326,0.6846974075881996
2019,-0.055,3.4000000000000004,8,1.0568239821610326,0.6781004237476632
2019,-0.055,3.5,8,1.0568239821610326,0.6913591962506546
2019,-0.055,3.6,8,1.1638510607270127,0.7061544229773531
2019,-0.055,3.7,8,1.165106080807334,0.7039567219650777
2019,-0.055,3.8000000000000003,8,1.1880529407107157,0.7272150200812485
2019,-0.055,3.9000000000000004,8,1.2867371512370316,0.6985970395171559
2019,-0.055,4.0,8,1.2867371512370316,0.7040001327632804
2019,-0.055,4.1,8,1.3117371512370315,0.7040356120938186
2019,-0.055,4.2,8,1.3117371512370315,0.6691535232465106
2019,-0.055,4.300000000000001,8,1.3117371512370315,0.7000506881970406
2019,-0.055,4.4,8,1.3117371512370315,0.665172409578039
2019,-0.055,4.5,8,1.3117371512370315,0.7076323829527247
2019,-0.055,4.6,8,1.3117371512370315,0.6991787391555244
2019,-0.055,4.7,8,1.3117371512370315,0.7178941853381811
2019,-0.055,4.800000000000001,8,1.3117371512370315,0.7703842544762366
2019,-0.055,4.9,8,1.3117371512370315,0.7868304281046266
2019,-0.055,5.0,8,1.3117371512370315,0.7724101355495749
2019,-0.055,5.1000000000000005,8,1.3117371512370315,0.8806420032507084
2019,-0.055,5.2,8,1.3117371512370315,0.8953432836907868
2019,-0.055,5.3,8,1.3117371512370315,0.9119803892728654
2019,-0.055,5.4,8,1.3119743428878854,0.9179752606739798
2019,-0.055,5.5,8,1.3157694093015475,0.9312934766117346
2019,-0.055,5.6000000000000005,8,1.3195644757152099,0.9571396471578032
2019,-0.055,5.7,8,1.3295932054348474,0.9973501120073139
2019,-0.055,5.800000000000001,8,1.330304780387409,1.0025668387870446
2019,-0.055,5.9,8,1.330304780387409,1.0276639247862942
2019,-0.055,6.0,8,1.3514148373134052,1.0010079299380206
2019,-0.055,6.1000000000000005,8,1.3620884616018303,1.046021686499469
2019,-0.055,6.2,8,1.3620884616018303,1.0975274098580032
2019,-0.055,6.300000000000001,8,1.3620884616018303,1.103971195401541
2019,-0.055,6.4,8,1.3676617100094737,1.0218395066430386
2019,-0.055,6.5,8,1.368847668263743,1.0206087958640355
2019,-0.055,6.6000000000000005,8,1.3814188257589992,1.0961576816402754
2019,-0.055,6.7,8,1.3833163589658304,1.0684738209859712
2019,-0.055,6.800000000000001,8,1.3833163589658304,1.0743474580355217
2019,-0.055,6.9,8,1.3833163589658304,1.1075427177164403
2019,-0.055,7.0,8,1.3833163589658304,1.1633052608919028
2019,-0.055,7.1000000000000005,8,1.3833163589658304,1.1700710491116437
2019,-0.055,7.2,8,1.3835535506166843,1.1669743108941577
2019,-0.055,7.300000000000001,8,1.3835535506166843,1.1649790371089677
2019,-0.055,7.4,8,1.3835535506166843,1.1705664192321303
2019,-0.055,7.5,8,1.3835535506166843,1.1571833243475798
2019,-0.055,7.6000000000000005,8,1.3835535506166843,1.1608030596840575
2019,-0.055,7.7,8,1.3835535506166843,0.9709982982041515
2019,-0.055,7.800000000000001,8,1.3835535506166843,0.9865717483197316
2019,-0.055,7.9,8,1.3835535506166843,1.086434101204159
2019,-0.055,8.0,8,1.3908080149023985,1.110791221941861
2019,-0.055,8.100000000000001,8,1.4020678574220835,0.9167633994345562
2019,-0.055,8.2,8,1.4020678574220835,0.8843870221049811
2019,-0.055,8.3,8,1.4020678574220835,0.8731178681302283
2019,-0.055,8.4,8,1.4020678574220835,0.8669354533785086
2019,-0.055,8.5,8,1.4020678574220835,0.8495497825544612
2019,-0.055,8.600000000000001,8,1.4020678574220835,0.8570873176959753
2019,-0.055,8.7,8,1.4020678574220835,0.8942038753196154
2019,-0.055,8.8,8,1.4020678574220835,0.8467846036132795
2019,-0.055,8.9,8,1.4020678574220835,0.7967751751855221
2019,-0.055,9.0,8,1.4020678574220835,0.8053115868410312
2019,-0.055,9.1,8,1.4020678574220835,0.7782576628931158
2019,-0.055,9.200000000000001,8,1.4020678574220835,0.7934442946026422
2019,-0.055,9.3,8,1.4020678574220835,0.8176923656170467
2019,-0.055,9.4,8,1.4020678574220835,0.8087919298141638
2019,-0.055,9.5,8,1.4020678574220835,0.6555783924445915
2019,-0.055,9.6,8,1.4020678574220835,0.6768543029284753
2019,-0.055,9.700000000000001,8,1.4020678574220835,0.6693893491097239
2019,-0.055,9.8,8,1.4020678574220835,0.685957409253802
2019,-0.055,9.9,8,1.4020678574220835,0.6772970674565923
2019,-0.055,10.0,8,1.4020678574220835,0.665506570942087
2019,-0.060000000000000005,1.0,8,0.9264702686156542,0.4184409786261919
2019,-0.060000000000000005,1.1,8,0.9264702686156542,0.41467591838522805
2019,-0.060000000000000005,1.2,8,0.9264702686156542,0.41266788625671397
2019,-0.060000000000000005,1.3,8,0.9264702686156542,0.41376745999024456
2019,-0.060000000000000005,1.4,8,0.9264702686156542,0.4161028886614512
2019,-0.060000000000000005,1.5,8,0.9427855296598309,0.38358069462213606
2019,-0.060000000000000005,1.6,8,0.9427855296598309,0.3912442359944359
2019,-0.060000000000000005,1.7000000000000002,8,0.9430227213106848,0.38867752441031655
2019,-0.060000000000000005,1.8,8,0.9456318294700775,0.39348048549797754
2019,-0.060000000000000005,1.9,8,0.8188072532929652,0.2728234651697593
2019,-0.060000000000000005,2.0,8,0.8444239515851854,0.2847779255309408
2019,-0.060000000000000005,2.1,8,0.8567579174295876,0.31335953049674836
2019,-0.060000000000000005,2.2,8,0.8754232159473117,0.32899943988653957
2019,-0.060000000000000005,2.3,8,0.8844364986797594,0.3577751881690625
2019,-0.060000000000000005,2.4000000000000004,8,0.8983114986797593,0.38279981976264055
2019,-0.060000000000000005,2.5,8,0.9082178996459429,0.4675387573713595
2019,-0.060000000000000005,2.6,8,0.9082178996459429,0.4858287415526382
2019,-0.060000000000000005,2.7,8,0.9082178996459429,0.4935443529988296
2019,-0.060000000000000005,2.8,8,0.9229357835767846,0.5370997717767526
2019,-0.060000000000000005,2.9000000000000004,8,0.9229357835767846,0.5472148309052427
2019,-0.060000000000000005,3.0,8,0.9395420637700214,0.6010490457087097
2019,-0.060000000000000005,3.1,8,0.943818379559495,0.6271825904524536
2019,-0.060000000000000005,3.2,8,0.943818379559495,0.6282390351546978
2019,-0.060000000000000005,3.3000000000000003,8,0.9625076185806147,0.6611895347105755
2019,-0.060000000000000005,3.4000000000000004,8,1.0393080585941534,0.6887284079326563
2019,-0.060000000000000005,3.5,8,1.0568239821610326,0.682299457191686
2019,-0.060000000000000005,3.6,8,1.0568239821610326,0.6902706559958429
2019,-0.060000000000000005,3.7,8,1.0732713505820852,0.7343495228090109
2019,-0.060000000000000005,3.8000000000000003,8,1.1638510607270127,0.7161148839762688
2019,-0.060000000000000005,3.9000000000000004,8,1.1638510607270127,0.7012494643632419
2019,-0.060000000000000005,4.0,8,1.1880529407107157,0.7010402860747426
2019,-0.060000000000000005,4.1,8,1.2867371512370316,0.6949698073742987
2019,-0.060000000000000005,4.2,8,1.2867371512370316,0.687805745938892
2019,-0.060000000000000005,4.300000000000001,8,1.3117371512370315,0.6920431757880862
2019,-0.060000000000000005,4.4,8,1.3117371512370315,0.6919367985270853
2019,-0.060000000000000005,4.5,8,1.3117371512370315,0.7112619448528316
2019,-0.060000000000000005,4.6,8,1.3117371512370315,0.6528960746367559
2019,-0.060000000000000005,4.7,8,1.3117371512370315,0.6740041327159813
2019,-0.060000000000000005,4.800000000000001,8,1.3117371512370315,0.7045374605686914
2019,-0.060000000000000005,4.9,8,1.3117371512370315,0.7114623860347054
2019,-0.060000000000000005,5.0,8,1.3117371512370315,0.7403527514868337
2019,-0.060000000000000005,5.1000000000000005,8,1.3117371512370315,0.7833950262159468
2019,-0.060000000000000005,5.2,8,1.3117371512370315,0.7879449430905666
2019,-0.060000000000000005,5.3,8,1.3117371512370315,0.7823077962084356
2019,-0.060000000000000005,5.4,8,1.3117371512370315,0.8812454607238648
2019,-0.060000000000000005,5.5,8,1.3117371512370315,0.878595895656677
2019,-0.060000000000000005,5.6000000000000005,8,1.3117371512370315,0.9042695915979956
2019,-0.060000000000000005,5.7,8,1.3117371512370315,0.9227423270419183
2019,-0.060000000000000005,5.800000000000001,8,1.3117371512370315,0.9150310835861218
2019,-0.060000000000000005,5.9,8,1.3157694093015475,0.968758516021854
2019,-0.060000000000000005,6.0,8,1.3195644757152099,1.012325989240852
2019,-0.060000000000000005,6.1000000000000005,8,1.3240711170814337,1.0166645007822739
2019,-0.060000000000000005,6.2,8,1.3295932054348474,1.0163850600462012
2019,-0.060000000000000005,6.300000000000001,8,1.330304780387409,1.0071051869305503
2019,-0.060000000000000005,6.4,8,1.3307791636891169,1.0422667567264392
2019,-0.060000000000000005,6.5,8,1.3514148373134052,1.0488842893298431
2019,-0.060000000000000005,6.6000000000000005,8,1.3620884616018303,1.1171700295254081
2019,-0.060000000000000005,6.7,8,1.3676617100094737,1.021414231306308
2019,-0.060000000000000005,6.800000000000001,8,1.3676617100094737,1.0121678603108928
2019,-0.060000000000000005,6.9,8,1.3676617100094737,1.0338120559452546
2019,-0.060000000000000005,7.0,8,1.3676617100094737,1.096081916892775
2019,-0.060000000000000005,7.1000000000000005,8,1.3814188257589992,1.0546957791717781
2019,-0.060000000000000005,7.2,8,1.3833163589658304,1.0732640579018737
2019,-0.060000000000000005,7.300000000000001,8,1.3833163589658304,1.0886606795306775
2019,-0.060000000000000005,7.4,8,1.3833163589658304,1.1099754773591932
2019,-0.060000000000000005,7.5,8,1.3833163589658304,1.1683772818568754
2019,-0.060000000000000005,7.6000000000000005,8,1.3833163589658304,1.1596971238472908
2019,-0.060000000000000005,7.7,8,1.3833163589658304,1.1573247208494728
2019,-0.060000000000000005,7.800000000000001,8,1.3835535506166843,1.200657250126296
2019,-0.060000000000000005,7.9,8,1.3835535506166843,1.2075051862765909
2019,-0.060000000000000005,8.0,8,1.3835535506166843,1.165969272488076
2019,-0.060000000000000005,8.100000000000001,8,1.3835535506166843,0.9439593249125594
2019,-0.060000000000000005,8.2,8,1.3835535506166843,0.9589648907768358
2019,-0.060000000000000005,8.3,8,1.3835535506166843,1.0077118066219861
2019,-0.060000000000000005,8.4,8,1.3835535506166843,1.0789768395285357
2019,-0.060000000000000005,8.5,8,1.3835535506166843,0.8502220045789511
2019,-0.060000000000000005,8.600000000000001,8,1.3835535506166843,0.8933419959410012
2019,-0.060000000000000005,8.7,8,1.3908080149023985,0.9183329058065007
2019,-0.060000000000000005,8.8,8,1.4020678574220835,0.8904170720962173
2019,-0.060000000000000005,8.9,8,1.4020678574220835,0.8861550738792204
2019,-0.060000000000000005,9.0,8,1.4020678574220835,0.8756526252725533
2019,-0.060000000000000005,9.1,8,1.4020678574220835,0.8408560322210593
2019,-0.060000000000000005,9.200000000000001,8,1.4020678574220835,0.8454996958613884
2019,-0.060000000000000005,9.3,8,1.4020678574220835,0.845288330304743
2019,-0.060000000000000005,9.4,8,1.4020678574220835,0.7864740940591394
2019,-0.060000000000000005,9.5,8,1.4020678574220835,0.7961780414275604
2019,-0.060000000000000005,9.6,8,1.4020678574220835,0.7874619788314438
2019,-0.060000000000000005,9.700000000000001,8,1.4020678574220835,0.7932494849302032
2019,-0.060000000000000005,9.8,8,1.4020678574220835,0.7888070259504408
2019,-0.060000000000000005,9.9,8,1.4020678574220835,0.7934442946026422
2019,-0.060000000000000005,10.0,8,1.4020678574220835,0.8067815496777678
2019,-0.065,1.0,8,0.9264702686156542,0.393586410890132
2019,-0.065,1.1,8,0.9264702686156542,0.41680945252177426
2019,-0.065,1.2,8,0.9264702686156542,0.41467591838522805
2019,-0.065,1.3,8,0.9264702686156542,0.41376745999024456
2019,-0.065,1.4,8,0.9264702686156542,0.4035017595071528
2019,-0.065,1.5,8,0.9264702686156542,0.3858397307667143
2019,-0.065,1.6,8,0.9427855296598309,0.37239648409582027
2019,-0.065,1.7000000000000002,8,0.9427855296598309,0.38887231948589707
2019,-0.065,1.8,8,0.9430227213106848,0.39743356305765953
2019,-0.065,1.9,8,0.9456318294700775,0.39348048549797754
2019,-0.065,2.0,8,0.8188072532929652,0.2707062593367052
2019,-0.065,2.1,8,0.8188072532929652,0.28311758397496356
2019,-0.065,2.2,8,0.8567579174295876,0.30814131417796276
2019,-0.065,2.3,8,0.8694934246759644,0.32756252439453626
2019,-0.065,2.4000000000000004,8,0.8754232159473117,0.35136606311057395
2019,-0.065,2.5,8,0.8983114986797593,0.37390513285561966
2019,-0.065,2.6,8,0.8983114986797593,0.4312671764505386
2019,-0.065,2.7,8,0.9082178996459429,0.48859138895030696
2019,-0.065,2.8,8,0.9082178996459429,0.4858287415526382
2019,-0.065,2.9000000000000004,8,0.9190106628038377,0.5251265898409349
2019,-0.065,3.0,8,0.9229357835767846,0.5370997717767526
2019,-0.065,3.1,8,0.9395420637700214,0.5927907524720601
2019,-0.065,3.2,8,0.943818379559495,0.6345355316289242
2019,-0.065,3.3000000000000003,8,0.943818379559495,0.6271825904524536
2019,-0.065,3.4000000000000004,8,0.9625076185806147,0.6645553184984074
2019,-0.065,3.5,8,1.0393080585941534,0.6856449164715557
2019,-0.065,3.6,8,1.0568239821610326,0.6903751827305147
2019,-0.065,3.7,8,1.0568239821610326,0.686568906907056
2019,-0.065,3.8000000000000003,8,1.0568239821610326,0.6880385131387001
2019,-0.065,3.9000000000000004,8,1.1638510607270127,0.7124172355620644
2019,-0.065,4.0,8,1.1638510607270127,0.7226833553138484
2019,-0.065,4.1,8,1.1638510607270127,0.7112099253621575
2019,-0.065,4.2,8,1.1867979206303945,0.6886656005479991
2019,-0.065,4.300000000000001,8,1.2854821311567102,0.666087815765957
2019,-0.065,4.4,8,1.2867371512370316,0.6868051914575453
2019,-0.065,4.5,8,1.3117371512370315,0.675244924229398
2019,-0.065,4.6,8,1.3117371512370315,0.6704316370305091
2019,-0.065,4.7,8,1.3117371512370315,0.6879630932632796
2019,-0.065,4.800000000000001,8,1.3117371512370315,0.6702996166597374
2019,-0.065,4.9,8,1.3117371512370315,0.6481269983315349
2019,-0.065,5.0,8,1.3117371512370315,0.711948032648281
2019,-0.065,5.1000000000000005,8,1.3117371512370315,0.7016082865671824
2019,-0.065,5.2,8,1.3117371512370315,0.7109765718100649
2019,-0.065,5.3,8,1.3117371512370315,0.7743541187530784
2019,-0.065,5.4,8,1.3117371512370315,0.7859507233272628
2019,-0.065,5.5,8,1.3117371512370315,0.7901625421395136
2019,-0.065,5.6000000000000005,8,1.3117371512370315,0.8164263621780966
2019,-0.065,5.7,8,1.3117371512370315,0.8755990610835579
2019,-0.065,5.800000000000001,8,1.3117371512370315,0.8851705814968117
2019,-0.065,5.9,8,1.3117371512370315,0.8915212547972823
2019,-0.065,6.0,8,1.3117371512370315,0.9119661673747869
2019,-0.065,6.1000000000000005,8,1.3117371512370315,0.94211526118888
2019,-0.065,6.2,8,1.3117371512370315,0.9602381918408797
2019,-0.065,6.300000000000001,8,1.3119743428878854,0.994166063008408
2019,-0.065,6.4,8,1.3157694093015475,1.0071077729220665
2019,-0.065,6.5,8,1.3195644757152099,1.0138450137128603
2019,-0.065,6.6000000000000005,8,1.3295932054348474,1.0210773469177477
2019,-0.065,6.7,8,1.330304780387409,1.0384785637329543
2019,-0.065,6.800000000000001,8,1.330304780387409,1.0409067431727665
2019,-0.065,6.9,8,1.3307791636891169,1.1134150997523782
2019,-0.065,7.0,8,1.3620884616018303,1.11667734057268
2019,-0.065,7.1000000000000005,8,1.3676617100094737,1.013449735259476
2019,-0.065,7.2,8,1.3676617100094737,1.027006336569466
2019,-0.065,7.300000000000001,8,1.3676617100094737,1.0888058617240806
2019,-0.065,7.4,8,1.3676617100094737,1.0852543677427609
2019,-0.065,7.5,8,1.3676617100094737,1.0991202436522858
2019,-0.065,7.6000000000000005,8,1.3814188257589992,1.07101633169546
2019,-0.065,7.7,8,1.3814188257589992,1.1069852037244998
2019,-0.065,7.800000000000001,8,1.3833163589658304,1.1059819690733341
2019,-0.065,7.9,8,1.3833163589658304,1.1411348621670676
2019,-0.065,8.0,8,1.3833163589658304,1.1384444808588958
2019,-0.065,8.100000000000001,8,1.3833163589658304,1.157901531371154
2019,-0.065,8.2,8,1.3833163589658304,1.1963067439164248
2019,-0.065,8.3,8,1.3833163589658304,1.1939059881273322
2019,-0.065,8.4,8,1.3835535506166843,1.1474529899728994
2019,-0.065,8.5,8,1.3835535506166843,0.9342337914069812
2019,-0.065,8.600000000000001,8,1.3835535506166843,0.9422383933145424
2019,-0.065,8.7,8,1.3835535506166843,0.9814526779947234
2019,-0.065,8.8,8,1.3835535506166843,0.9572290189001721
2019,-0.065,8.9,8,1.3835535506166843,0.8398711260990227
2019,-0.065,9.0,8,1.3835535506166843,0.8431065535774372
2019,-0.065,9.1,8,1.3835535506166843,0.8652725216076962
2019,-0.065,9.200000000000001,8,1.3835535506166843,0.8845676059010971
2019,-0.065,9.3,8,1.3835535506166843,0.8728105949748175
2019,-0.065,9.4,8,1.3835535506166843,0.8760537350302934
2019,-0.065,9.5,8,1.4020678574220835,0.8846604513269288
2019,-0.065,9.6,8,1.4020678574220835,0.8905873642283765
2019,-0.065,9.700000000000001,8,1.4020678574220835,0.8483861527029871
2019,-0.065,9.8,8,1.4020678574220835,0.8507419647471782
2019,-0.065,9.9,8,1.4020678574220835,0.8011912622442514
2019,-0.065,10.0,8,1.4020678574220835,0.7739029365638831
2019,-0.07,1.0,8,0.9264702686156542,0.393586410890132
2019,-0.07,1.1,8,0.9264702686156542,0.4167806370702147
2019,-0.07,1.2,8,0.9264702686156542,0.41680945252177426
2019,-0.07,1.3,8,0.9264702686156542,0.410253403765345
2019,-0.07,1.4,8,0.9264702686156542,0.41376745999024456
2019,-0.07,1.5,8,0.9264702686156542,0.4246370252076359
2019,-0.07,1.6,8,0.9264702686156542,0.3891027829755497
2019,-0.07,1.7000000000000002,8,0.9427855296598309,0.3796633822878294
2019,-0.07,1.8,8,0.9427855296598309,0.38887231948589707
2019,-0.07,1.9,8,0.9427855296598309,0.3977636673615549
2019,-0.07,2.0,8,0.9430227213106848,0.3908713773385848
2019,-0.07,2.1,8,0.9456318294700775,0.394684535703571
2019,-0.07,2.2,8,0.8188072532929652,0.3060607773299714
2019,-0.07,2.3,8,0.8444239515851854,0.3102760390356478
2019,-0.07,2.4000000000000004,8,0.8694934246759644,0.32234430807575065
2019,-0.07,2.5,8,0.8694934246759644,0.32948940469241483
2019,-0.07,2.6,8,0.8983114986797593,0.36347696901251925
2019,-0.07,2.7,8,0.8983114986797593,0.4223724895435177
2019,-0.07,2.8,8,0.9082178996459429,0.48130833459953426
2019,-0.07,2.9000000000000004,8,0.9082178996459429,0.48412710323602115
2019,-0.07,3.0,8,0.9190106628038377,0.5174109783947435
2019,-0.07,3.1,8,0.9229357835767846,0.5331935217767526
2019,-0.07,3.2,8,0.9229357835767846,0.538895500106855
2019,-0.07,3.3000000000000003,8,0.9395420637700214,0.6165765804975379
2019,-0.07,3.4000000000000004,8,0.943818379559495,0.6399909395985637
2019,-0.07,3.5,8,0.9625076185806147,0.6630628112132353
2019,-0.07,3.6,8,1.0242114402366655,0.6502161465238852
2019,-0.07,3.7,8,1.0568239821610326,0.6876824221585438
2019,-0.07,3.8000000000000003,8,1.0568239821610326,0.6949532082082217
2019,-0.07,3.9000000000000004,8,1.0568239821610326,0.6968971977415734
2019,-0.07,4.0,8,1.0732713505820852,0.7394697916826893
2019,-0.07,4.1,8,1.1638510607270127,0.7127942008643142
2019,-0.07,4.2,8,1.1638510607270127,0.7093238711508517
2019,-0.07,4.300000000000001,8,1.1638510607270127,0.7110108807761703
2019,-0.07,4.4,8,1.2854821311567102,0.6798651143928646
2019,-0.07,4.5,8,1.2854821311567102,0.6487850981338992
2019,-0.07,4.6,8,1.2854821311567102,0.6584812355634893
2019,-0.07,4.7,8,1.3117371512370315,0.6643402188511007
2019,-0.07,4.800000000000001,8,1.3117371512370315,0.6623401191733663
2019,-0.07,4.9,8,1.3117371512370315,0.6763354334920313
2019,-0.07,5.0,8,1.3117371512370315,0.6720059297027815
2019,-0.07,5.1000000000000005,8,1.3117371512370315,0.6748776421374444
2019,-0.07,5.2,8,1.3117371512370315,0.6919468884230057
2019,-0.07,5.3,8,1.3117371512370315,0.7071789563430602
2019,-0.07,5.4,8,1.3117371512370315,0.7198102937947779
2019,-0.07,5.5,8,1.3117371512370315,0.7108936976188027
2019,-0.07,5.6000000000000005,8,1.3117371512370315,0.771496388019899
2019,-0.07,5.7,8,1.3117371512370315,0.7887117675039697
2019,-0.07,5.800000000000001,8,1.3117371512370315,0.7689675225930048
2019,-0.07,5.9,8,1.3117371512370315,0.8890842161249758
2019,-0.07,6.0,8,1.3117371512370315,0.8894757252354214
2019,-0.07,6.1000000000000005,8,1.3117371512370315,0.8757291154428425
2019,-0.07,6.2,8,1.3117371512370315,0.9125696248479432
2019,-0.07,6.300000000000001,8,1.3117371512370315,0.900472850654395
2019,-0.07,6.4,8,1.3117371512370315,0.9305860894735557
2019,-0.07,6.5,8,1.3117371512370315,0.9602073664520377
2019,-0.07,6.6000000000000005,8,1.3117371512370315,0.9943203804679998
2019,-0.07,6.7,8,1.3119743428878854,0.9969271071851148
2019,-0.07,6.800000000000001,8,1.3157694093015475,0.9972061146631509
2019,-0.07,6.9,8,1.3195644757152099,1.0168643373843578
2019,-0.07,7.0,8,1.3240711170814337,1.0390220088607138
2019,-0.07,7.1000000000000005,8,1.3295932054348474,1.0555904781125256
2019,-0.07,7.2,8,1.330304780387409,1.1183829454062364
2019,-0.07,7.300000000000001,8,1.330304780387409,1.0974736755187637
2019,-0.07,7.4,8,1.3569880857210486,1.0096014985167872
2019,-0.07,7.5,8,1.3676617100094737,1.0250879750809592
2019,-0.07,7.6000000000000005,8,1.3676617100094737,1.07578592211215
2019,-0.07,7.7,8,1.3676617100094737,1.1015449957317602
2019,-0.07,7.800000000000001,8,1.3676617100094737,1.0916663175838084
2019,-0.07,7.9,8,1.3676617100094737,1.1018749556051493
2019,-0.07,8.0,8,1.3676617100094737,1.0794060365052263
2019,-0.07,8.100000000000001,8,1.368847668263743,1.098272722023154
2019,-0.07,8.2,8,1.3814188257589992,1.0961333021603885
2019,-0.07,8.3,8,1.3833163589658304,1.0948463228076275
2019,-0.07,8.4,8,1.3833163589658304,1.1353997391764525
2019,-0.07,8.5,8,1.3833163589658304,1.1648540332832638
2019,-0.07,8.600000000000001,8,1.3833163589658304,1.1730568308184413
2019,-0.07,8.7,8,1.3833163589658304,1.1899047731713066
2019,-0.07,8.8,8,1.3833163589658304,1.1793491511347436
2019,-0.07,8.9,8,1.3833163589658304,0.9264448025990246
2019,-0.07,9.0,8,1.3835535506166843,0.9348926034994696
2019,-0.07,9.1,8,1.3835535506166843,0.9567686276896131
2019,-0.07,9.200000000000001,8,1.3835535506166843,0.9888397032968305
2019,-0.07,9.3,8,1.3835535506166843,0.7480413909068776
2019,-0.07,9.4,8,1.3835535506166843,0.7511392724298318
2019,-0.07,9.5,8,1.3835535506166843,0.8365837245242196
2019,-0.07,9.6,8,1.3835535506166843,0.837024826288776
2019,-0.07,9.700000000000001,8,1.3835535506166843,0.8431065535774372
2019,-0.07,9.8,8,1.3835535506166843,0.899618122929842
2019,-0.07,9.9,8,1.3835535506166843,0.8655458667706624
2019,-0.07,10.0,8,1.3835535506166843,0.8821957180785907
2019,-0.07500000000000001,1.0,8,0.9264702686156542,0.393823602540986
2019,-0.07500000000000001,1.1,8,0.9264702686156542,0.41502360895776486
2019,-0.07500000000000001,1.2,8,0.9264702686156542,0.4167806370702147
2019,-0.07500000000000001,1.3,8,0.9264702686156542,0.43778017752705856
2019,-0.07500000000000001,1.4,8,0.9264702686156542,0.410253403765345
2019,-0.07500000000000001,1.5,8,0.9264702686156542,0.4035017595071528
2019,-0.07500000000000001,1.6,8,0.9264702686156542,0.39437386731289903
2019,-0.07500000000000001,1.7000000000000002,8,0.9264702686156542,0.38546833359573074
2019,-0.07500000000000001,1.8,8,0.9427855296598309,0.38887231948589707
2019,-0.07500000000000001,1.9,8,0.9427855296598309,0.38887231948589707
2019,-0.07500000000000001,2.0,8,0.9427855296598309,0.3977636673615549
2019,-0.07500000000000001,2.1,8,0.9430227213106848,0.3933594346634255
2019,-0.07500000000000001,2.2,8,0.9456318294700775,0.4058163660756796
2019,-0.07500000000000001,2.3,8,0.8188072532929652,0.3060607773299714
2019,-0.07500000000000001,2.4000000000000004,8,0.8188072532929652,0.30861569747967055
2019,-0.07500000000000001,2.5,8,0.8571594588315621,0.3244790329334357
2019,-0.07500000000000001,2.6,8,0.8694934246759644,0.33060547612098623
2019,-0.07500000000000001,2.7,8,0.8892982159473115,0.36092398209194454
2019,-0.07500000000000001,2.8,8,0.8983114986797593,0.41045149130551284
2019,-0.07500000000000001,2.9000000000000004,8,0.9082178996459429,0.4724136476925135
2019,-0.07500000000000001,3.0,8,0.9082178996459429,0.48130833459953426
2019,-0.07500000000000001,3.1,8,0.9082178996459429,0.48412710323602115
2019,-0.07500000000000001,3.2,8,0.9229357835767846,0.5263149639019898
2019,-0.07500000000000001,3.3000000000000003,8,0.9229357835767846,0.5390653370633768
2019,-0.07500000000000001,3.4000000000000004,8,0.9395420637700214,0.6033923249404763
2019,-0.07500000000000001,3.5,8,0.943818379559495,0.6220919705351319
2019,-0.07500000000000001,3.6,8,0.9444155133174568,0.6068699579046793
2019,-0.07500000000000001,3.7,8,1.0242114402366655,0.648723639238713
2019,-0.07500000000000001,3.8000000000000003,8,1.0393080585941534,0.682742495422491
2019,-0.07500000000000001,3.9000000000000004,8,1.0568239821610326,0.687208038856836
2019,-0.07500000000000001,4.0,8,1.0568239821610326,0.6928184833505366
2019,-0.07500000000000001,4.1,8,1.0732713505820852,0.7512023072695693
2019,-0.07500000000000001,4.2,8,1.1638510607270127,0.7123198175626065
2019,-0.07500000000000001,4.300000000000001,8,1.1638510607270127,0.7146188391848162
2019,-0.07500000000000001,4.4,8,1.1638510607270127,0.7119329793102445
2019,-0.07500000000000001,4.5,8,1.1665684520313606,0.6890799032782075
2019,-0.07500000000000001,4.6,8,1.2854821311567102,0.6772560062334717
2019,-0.07500000000000001,4.7,8,1.2854821311567102,0.6672140422922077
2019,-0.07500000000000001,4.800000000000001,8,1.2854821311567102,0.6515057891349179
2019,-0.07500000000000001,4.9,8,1.31048213115671,0.6441684368700882
2019,-0.07500000000000001,5.0,8,1.3117371512370315,0.6617820834590805
2019,-0.07500000000000001,5.1000000000000005,8,1.3117371512370315,0.6727082013491741
2019,-0.07500000000000001,5.2,8,1.3117371512370315,0.6304492240378131
2019,-0.07500000000000001,5.3,8,1.3117371512370315,0.6678668499173305
2019,-0.07500000000000001,5.4,8,1.3117371512370315,0.6697894339577596
2019,-0.07500000000000001,5.5,8,1.3117371512370315,0.704674132257229
2019,-0.07500000000000001,5.6000000000000005,8,1.3117371512370315,0.7071789563430602
2019,-0.07500000000000001,5.7,8,1.3117371512370315,0.7150412174895571
2019,-0.07500000000000001,5.800000000000001,8,1.3117371512370315,0.7736887437807031
2019,-0.07500000000000001,5.9,8,1.3117371512370315,0.7740226219880294
2019,-0.07500000000000001,6.0,8,1.3117371512370315,0.7811216346766451
2019,-0.07500000000000001,6.1000000000000005,8,1.3117371512370315,0.77398760291429
2019,-0.07500000000000001,6.2,8,1.3117371512370315,0.8842737027241238
2019,-0.07500000000000001,6.300000000000001,8,1.3117371512370315,0.8897462846890875
2019,-0.07500000000000001,6.4,8,1.3117371512370315,0.9115131502979906
2019,-0.07500000000000001,6.5,8,1.3117371512370315,0.9016221346975887
2019,-0.07500000000000001,6.6000000000000005,8,1.3117371512370315,0.9047885003499513
2019,-0.07500000000000001,6.7,8,1.3117371512370315,0.9198457848013565
2019,-0.07500000000000001,6.800000000000001,8,1.3117371512370315,0.9486781947367137
2019,-0.07500000000000001,6.9,8,1.3117371512370315,0.9917795149185152
2019,-0.07500000000000001,7.0,8,1.3117371512370315,0.9943203804679998
2019,-0.07500000000000001,7.1000000000000005,8,1.3117371512370315,0.9951254485451685
2019,-0.07500000000000001,7.2,8,1.3119743428878854,0.9987044111519138
2019,-0.07500000000000001,7.300000000000001,8,1.3157694093015475,1.0192996183499041
2019,-0.07500000000000001,7.4,8,1.3195644757152099,1.0506658936265743
2019,-0.07500000000000001,7.5,8,1.3240711170814337,1.1201814106143173
2019,-0.07500000000000001,7.6000000000000005,8,1.3295932054348474,1.1240569572430574
2019,-0.07500000000000001,7.7,8,1.330304780387409,1.0728097205591445
2019,-0.07500000000000001,7.800000000000001,8,1.3358780287950522,1.005846489604473
2019,-0.07500000000000001,7.9,8,1.3569880857210486,1.0924166175244976
2019,-0.07500000000000001,8.0,8,1.3676617100094737,1.092193238238854
2019,-0.07500000000000001,8.100000000000001,8,1.3676617100094737,1.075863809124058
2019,-0.07500000000000001,8.2,8,1.3676617100094737,1.0901875838865018
2019,-0.07500000000000001,8.3,8,1.3676617100094737,1.1074629574804207
2019,-0.07500000000000001,8.4,8,1.3676617100094737,1.0941256514472746
2019,-0.07500000000000001,8.5,8,1.3676617100094737,1.08513473855579
2019,-0.07500000000000001,8.600000000000001,8,1.3676617100094737,1.0988377909655516
2019,-0.07500000000000001,8.7,8,1.3814188257589992,1.1020310112993765
2019,-0.07500000000000001,8.8,8,1.3814188257589992,1.095602123730994
2019,-0.07500000000000001,8.9,8,1.3833163589658304,1.1534586339687232
2019,-0.07500000000000001,9.0,8,1.3833163589658304,1.1674029809766049
2019,-0.07500000000000001,9.1,8,1.3833163589658304,1.1732858919153513
2019,-0.07500000000000001,9.200000000000001,8,1.3833163589658304,1.147249559015746
2019,-0.07500000000000001,9.3,8,1.3833163589658304,0.8981139326434201
2019,-0.07500000000000001,9.4,8,1.3833163589658304,0.9474209824947369
2019,-0.07500000000000001,9.5,8,1.3833163589658304,0.9294617968450877
2019,-0.07500000000000001,9.6,8,1.3835535506166843,0.9454618110009179
2019,-0.07500000000000001,9.700000000000001,8,1.3835535506166843,0.7549908452558218
2019,-0.07500000000000001,9.8,8,1.3835535506166843,0.7525800646593964
2019,-0.07500000000000001,9.9,8,1.3835535506166843,0.757928814617468
2019,-0.07500000000000001,10.0,8,1.3835535506166843,0.8446250922842526
2019,-0.08,1.0,8,0.9264702686156542,0.3634724165125418
2019,-0.08,1.1,8,0.9264702686156542,0.4152608006086188
2019,-0.08,1.2,8,0.9264702686156542,0.41502360895776486
2019,-0.08,1.3,8,0.9264702686156542,0.4184409786261919
2019,-0.08,1.4,8,0.9264702686156542,0.41000239974928077
2019,-0.08,1.5,8,0.9264702686156542,0.410253403765345
2019,-0.08,1.6,8,0.9264702686156542,0.39437386731289903
2019,-0.08,1.7000000000000002,8,0.9264702686156542,0.3956736284593959
2019,-0.08,1.8,8,0.9264702686156542,0.37921833359573076
2019,-0.08,1.9,8,0.9427855296598309,0.38887231948589707
2019,-0.08,2.0,8,0.9427855296598309,0.39086276534576964
2019,-0.08,2.1,8,0.9427855296598309,0.38683911927406867
2019,-0.08,2.2,8,0.9430227213106848,0.3933594346634255
2019,-0.08,2.3,8,0.9456318294700775,0.4058163660756796
2019,-0.08,2.4000000000000004,8,0.9472921710260548,0.43454569506306095
2019,-0.08,2.5,8,0.8188072532929652,0.31137605828598464
2019,-0.08,2.6,8,0.8571594588315621,0.3203986189206969
2019,-0.08,2.7,8,0.8694934246759644,0.3253872598022006
2019,-0.08,2.8,8,0.8694934246759644,0.34944829780294884
2019,-0.08,2.9000000000000004,8,0.8892982159473115,0.40789850438493813
2019,-0.08,3.0,8,0.9082178996459429,0.46049264945450863
2019,-0.08,3.1,8,0.9082178996459429,0.48130833459953426
2019,-0.08,3.2,8,0.9082178996459429,0.48242440602810566
2019,-0.08,3.3000000000000003,8,0.9229357835767846,0.530485140871997
2019,-0.08,3.4000000000000004,8,0.9229357835767846,0.532186779188614
2019,-0.08,3.5,8,0.9395420637700214,0.6025552713690477
2019,-0.08,3.6,8,0.943818379559495,0.6130929828352132
2019,-0.08,3.7,8,0.9444155133174568,0.6073626711720745
2019,-0.08,3.8000000000000003,8,1.0242114402366655,0.6402281543512096
2019,-0.08,3.9000000000000004,8,1.0242114402366655,0.648723639238713
2019,-0.08,4.0,8,1.0568239821610326,0.6817108046809077
2019,-0.08,4.1,8,1.0568239821610326,0.6951342786202575
2019,-0.08,4.2,8,1.0568239821610326,0.686001206280473
2019,-0.08,4.300000000000001,8,1.0732713505820852,0.7451606406029025
2019,-0.08,4.4,8,1.1638510607270127,0.7216528854671878
2019,-0.08,4.5,8,1.1638510607270127,0.7188882889001862
2019,-0.08,4.6,8,1.1638510607270127,0.7095017918671143
2019,-0.08,4.7,8,1.2652526625576763,0.6736101757543456
2019,-0.08,4.800000000000001,8,1.2854821311567102,0.6649924566604167
2019,-0.08,4.9,8,1.2854821311567102,0.6657210055613862
2019,-0.08,5.0,8,1.2884426574724996,0.6699347332932263
2019,-0.08,5.1000000000000005,8,1.31048213115671,0.6371929904415168
2019,-0.08,5.2,8,1.31048213115671,0.6334581275650247
2019,-0.08,5.3,8,1.31048213115671,0.6725484980951643
2019,-0.08,5.4,8,1.3117371512370315,0.6398050836823956
2019,-0.08,5.5,8,1.3117371512370315,0.6464905728809355
2019,-0.08,5.6000000000000005,8,1.3117371512370315,0.6678668499173305
2019,-0.08,5.7,8,1.3117371512370315,0.6782045971516585
2019,-0.08,5.800000000000001,8,1.3117371512370315,0.7316478164677552
2019,-0.08,5.9,8,1.3117371512370315,0.739510077614252
2019,-0.08,6.0,8,1.3117371512370315,0.7150412174895571
2019,-0.08,6.1000000000000005,8,1.3117371512370315,0.7786697684486347
2019,-0.08,6.2,8,1.3117371512370315,0.7804562597042699
2019,-0.08,6.300000000000001,8,1.3117371512370315,0.7606352683821122
2019,-0.08,6.4,8,1.3117371512370315,0.8077055205573441
2019,-0.08,6.5,8,1.3117371512370315,0.8883450164419934
2019,-0.08,6.6000000000000005,8,1.3117371512370315,0.8949759319308058
2019,-0.08,6.7,8,1.3117371512370315,0.9026716438296928
2019,-0.08,6.800000000000001,8,1.3117371512370315,0.9223059134558854
2019,-0.08,6.9,8,1.3117371512370315,0.9139213314847371
2019,-0.08,7.0,8,1.3117371512370315,0.9241614344969128
2019,-0.08,7.1000000000000005,8,1.3117371512370315,0.9379378900645142
2019,-0.08,7.2,8,1.3117371512370315,0.9870274516369258
2019,-0.08,7.300000000000001,8,1.3117371512370315,0.9910265028703223
2019,-0.08,7.4,8,1.3117371512370315,0.988825104855419
2019,-0.08,7.5,8,1.3117371512370315,0.9988587286115055
2019,-0.08,7.6000000000000005,8,1.3119743428878854,1.020539635343876
2019,-0.08,7.7,8,1.3157694093015475,1.0344035006009613
2019,-0.08,7.800000000000001,8,1.3195644757152099,1.1122600965251248
2019,-0.08,7.9,8,1.3240711170814337,1.1222158642182065
2019,-0.08,8.0,8,1.3240711170814337,1.1239834146651024
2019,-0.08,8.100000000000001,8,1.330304780387409,1.081778839576279
2019,-0.08,8.2,8,1.3358780287950522,1.019053015899406
2019,-0.08,8.3,8,1.33635241209676,1.0780547724991303
2019,-0.08,8.4,8,1.3569880857210486,1.0714879971889961
2019,-0.08,8.5,8,1.3676617100094737,1.0904595310478635
2019,-0.08,8.600000000000001,8,1.3676617100094737,1.1013908439377185
2019,-0.08,8.7,8,1.3676617100094737,1.0905856730584764
2019,-0.08,8.8,8,1.3676617100094737,1.103010897417034
2019,-0.08,8.9,8,1.3676617100094737,1.09640944159505
2019,-0.08,9.0,8,1.3676617100094737,1.0956524798031266
2019,-0.08,9.1,8,1.3676617100094737,1.0957241022545403
2019,-0.08,9.200000000000001,8,1.368847668263743,1.1211338121766246
2019,-0.08,9.3,8,1.3814188257589992,1.1646755805249882
2019,-0.08,9.4,8,1.3833163589658304,1.165559915817524
2019,-0.08,9.5,8,1.3833163589658304,1.1503392592042263
2019,-0.08,9.6,8,1.3833163589658304,1.1470511171435493
2019,-0.08,9.700000000000001,8,1.3833163589658304,0.8824532893737347
2019,-0.08,9.8,8,1.3833163589658304,0.8389939652193505
2019,-0.08,9.9,8,1.3833163589658304,0.9337394057942343
2019,-0.08,10.0,8,1.3833163589658304,0.9500525614421053
2019,-0.085,1.0,8,0.9205404773443069,0.3668483490853377
2019,-0.085,1.1,8,0.9264702686156542,0.41254119352754304
2019,-0.085,1.2,8,0.9264702686156542,0.41502360895776486
2019,-0.085,1.3,8,0.9264702686156542,0.4167806370702147
2019,-0.085,1.4,8,0.9264702686156542,0.4123869379018912
2019,-0.085,1.5,8,0.9264702686156542,0.41000239974928077
2019,-0.085,1.6,8,0.9264702686156542,0.4057244182580987
2019,-0.085,1.7000000000000002,8,0.9264702686156542,0.39437386731289903
2019,-0.085,1.8,8,0.9264702686156542,0.3907394179330801
2019,-0.085,1.9,8,0.9264702686156542,0.38518547064124303
2019,-0.085,2.0,8,0.9427855296598309,0.38280145961328554
2019,-0.085,2.1,8,0.9427855296598309,0.386635712205673
2019,-0.085,2.2,8,0.9427855296598309,0.38932717659890936
2019,-0.085,2.3,8,0.9427855296598309,0.3966127058339938
2019,-0.085,2.4000000000000004,8,0.9430227213106848,0.4252016846678791
2019,-0.085,2.5,8,0.9456318294700775,0.4300390536968371
2019,-0.085,2.6,8,0.8188072532929652,0.31137605828598464
2019,-0.085,2.7,8,0.831542760539342,0.3240129588933821
2019,-0.085,2.8,8,0.8571594588315621,0.3275219846598857
2019,-0.085,2.9000000000000004,8,0.8694934246759644,0.34423008148416334
2019,-0.085,3.0,8,0.8833684246759643,0.40925176746436354
2019,-0.085,3.1,8,0.8992046169134951,0.4396772095264151
2019,-0.085,3.2,8,0.9082178996459429,0.4601368619782277
2019,-0.085,3.3000000000000003,8,0.9082178996459429,0.48130833459953426
2019,-0.085,3.4000000000000004,8,0.9190106628038377,0.5198784581568352
2019,-0.085,3.5,8,0.9229357835767846,0.530485140871997
2019,-0.085,3.6,8,0.9229357835767846,0.5452000916861414
2019,-0.085,3.7,8,0.9395420637700214,0.5942535635891616
2019,-0.085,3.8000000000000003,8,0.9444155133174568,0.5983636834721558
2019,-0.085,3.9000000000000004,8,0.9444155133174568,0.5997371683225942
2019,-0.085,4.0,8,1.0242114402366655,0.6402281543512096
2019,-0.085,4.1,8,1.0568239821610326,0.6890637458573783
2019,-0.085,4.2,8,1.0568239821610326,0.6874771603293928
2019,-0.085,4.300000000000001,8,1.0568239821610326,0.6909112852314081
2019,-0.085,4.4,8,1.0732713505820852,0.7480351633958907
2019,-0.085,4.5,8,1.1022568578284622,0.7060392007693721
2019,-0.085,4.6,8,1.1638510607270127,0.7272725902013517
2019,-0.085,4.7,8,1.1638510607270127,0.7215249282333388
2019,-0.085,4.800000000000001,8,1.1638510607270127,0.699096957437587
2019,-0.085,4.9,8,1.2652526625576763,0.676652714425865
2019,-0.085,5.0,8,1.2854821311567102,0.6737574024052545
2019,-0.085,5.1000000000000005,8,1.2854821311567102,0.6566421693641276
2019,-0.085,5.2,8,1.2884426574724996,0.6642617602566725
2019,-0.085,5.3,8,1.31048213115671,0.6556219345998252
2019,-0.085,5.4,8,1.31048213115671,0.6205949999770329
2019,-0.085,5.5,8,1.31048213115671,0.6424675140886585
2019,-0.085,5.6000000000000005,8,1.31048213115671,0.6410040760805596
2019,-0.085,5.7,8,1.3117371512370315,0.6111323772333018
2019,-0.085,5.800000000000001,8,1.3117371512370315,0.6474413662157853
2019,-0.085,5.9,8,1.3117371512370315,0.6737403114373727
2019,-0.085,6.0,8,1.3117371512370315,0.6909318409858817
2019,-0.085,6.1000000000000005,8,1.3117371512370315,0.7249163174165218
2019,-0.085,6.2,8,1.3117371512370315,0.739510077614252
2019,-0.085,6.300000000000001,8,1.3117371512370315,0.7503169759744334
2019,-0.085,6.4,8,1.3117371512370315,0.7739006921434138
2019,-0.085,6.5,8,1.3117371512370315,0.7804562597042699
2019,-0.085,6.6000000000000005,8,1.3117371512370315,0.7660659733219166
2019,-0.085,6.7,8,1.3117371512370315,0.8031874482681874
2019,-0.085,6.800000000000001,8,1.3117371512370315,0.8883450164419934
2019,-0.085,6.9,8,1.3117371512370315,0.8922701372149403
2019,-0.085,7.0,8,1.3117371512370315,0.9079012910714109
2019,-0.085,7.1000000000000005,8,1.3117371512370315,0.9190428612470501
2019,-0.085,7.2,8,1.3117371512370315,0.919222421994785
2019,-0.085,7.300000000000001,8,1.3117371512370315,0.9349546071876759
2019,-0.085,7.4,8,1.3117371512370315,0.9569231635167031
2019,-0.085,7.5,8,1.3117371512370315,0.9762871469647266
2019,-0.085,7.6000000000000005,8,1.3117371512370315,0.9815053632835121
2019,-0.085,7.7,8,1.3117371512370315,0.9925455273423306
2019,-0.085,7.800000000000001,8,1.3117371512370315,0.996317863062021
2019,-0.085,7.9,8,1.3117371512370315,1.0215560970325581
2019,-0.085,8.0,8,1.3119743428878854,1.0250286057181268
2019,-0.085,8.100000000000001,8,1.3157694093015475,1.037164544777668
2019,-0.085,8.2,8,1.3195644757152099,1.104422216341972
2019,-0.085,8.3,8,1.3195644757152099,1.118933328171119
2019,-0.085,8.4,8,1.3240711170814337,1.0864066955960143
2019,-0.085,8.5,8,1.329644365489077,1.0250771122849482
2019,-0.085,8.600000000000001,8,1.3358780287950522,1.0920568734348108
2019,-0.085,8.7,8,1.3358780287950522,1.064472321328518
2019,-0.085,8.8,8,1.33635241209676,1.0653736130788405
2019,-0.085,8.9,8,1.3569880857210486,1.0850749537107354
2019,-0.085,9.0,8,1.3676617100094737,1.1056070777564369
2019,-0.085,9.1,8,1.3676617100094737,1.1220184017087267
2019,-0.085,9.200000000000001,8,1.3676617100094737,1.0951911892605941
2019,-0.085,9.3,8,1.3676617100094737,1.0883825643583176
2019,-0.085,9.4,8,1.3676617100094737,1.1016031952519356
2019,-0.085,9.5,8,1.3676617100094737,1.1021761284411342
2019,-0.085,9.6,8,1.3676617100094737,1.1212662012407175
2019,-0.085,9.700000000000001,8,1.368847668263743,1.1300935642283094
2019,-0.085,9.8,8,1.3814188257589992,1.1698900322706
2019,-0.085,9.9,8,1.3814188257589992,1.1539696450965833
2019,-0.085,10.0,8,1.3833163589658304,1.1357203859503127
2019,-0.09,1.0,8,0.9169826025814986,0.3727521826358586
2019,-0.09,1.1,8,0.9205404773443069,0.3934759119684491
2019,-0.09,1.2,8,0.9264702686156542,0.4152608006086188
2019,-0.09,1.3,8,0.9264702686156542,0.41502360895776486
2019,-0.09,1.4,8,0.9264702686156542,0.41235812245033165
2019,-0.09,1.5,8,0.9264702686156542,0.4123869379018912
2019,-0.09,1.6,8,0.9264702686156542,0.41000239974928077
2019,-0.09,1.7000000000000002,8,0.9264702686156542,0.36972454538751637
2019,-0.09,1.8,8,0.9264702686156542,0.3956736284593959
2019,-0.09,1.9,8,0.9264702686156542,0.3844894179330801
2019,-0.09,2.0,8,0.9264702686156542,0.38518547064124303
2019,-0.09,2.1,8,0.9264702686156542,0.3931218014903479
2019,-0.09,2.2,8,0.9427855296598309,0.386635712205673
2019,-0.09,2.3,8,0.9427855296598309,0.38932717659890936
2019,-0.09,2.4000000000000004,8,0.9427855296598309,0.3966127058339938
2019,-0.09,2.5,8,0.9430227213106848,0.4274299455374443
2019,-0.09,2.6,8,0.9456318294700775,0.4300390536968371
2019,-0.09,2.7,8,0.9472921710260548,0.4398609760190742
2019,-0.09,2.8,8,0.831542760539342,0.3249617254967976
2019,-0.09,2.9000000000000004,8,0.8571594588315621,0.3275219846598857
2019,-0.09,3.0,8,0.8694934246759644,0.34423008148416334
2019,-0.09,3.1,8,0.8833684246759643,0.40925176746436354
2019,-0.09,3.2,8,0.8833684246759643,0.40813569603579203
2019,-0.09,3.3000000000000003,8,0.9082178996459429,0.46049264945450863
2019,-0.09,3.4000000000000004,8,0.9082178996459429,0.4724136476925135
2019,-0.09,3.5,8,0.9190106628038377,0.5187623867282638
2019,-0.09,3.6,8,0.9229357835767846,0.5287824436640816
2019,-0.09,3.7,8,0.9229357835767846,0.550194881940953
2019,-0.09,3.8000000000000003,8,0.9395420637700214,0.5889802849228564
2019,-0.09,3.9000000000000004,8,0.9444155133174568,0.5892249221208412
2019,-0.09,4.0,8,0.9444155133174568,0.5907381806226755
2019,-0.09,4.1,8,1.0242114402366655,0.6362800781449207
2019,-0.09,4.2,8,1.0568239821610326,0.6808054526207288
2019,-0.09,4.300000000000001,8,1.0568239821610326,0.6871662126505471
2019,-0.09,4.4,8,1.0568239821610326,0.6936417713350853
2019,-0.09,4.5,8,1.0568239821610326,0.6909112852314081
2019,-0.09,4.6,8,1.0732713505820852,0.7453417110149383
2019,-0.09,4.7,8,1.1638510607270127,0.7107568940060871
2019,-0.09,4.800000000000001,8,1.1638510607270127,0.7272725902013517
2019,-0.09,4.9,8,1.1638510607270127,0.7183604764699878
2019,-0.09,5.0,8,1.1954300080954339,0.6572523338060213
2019,-0.09,5.1000000000000005,8,1.2652526625576763,0.6685606671230729
2019,-0.09,5.2,8,1.2854821311567102,0.6741343677075046
2019,-0.09,5.3,8,1.2854821311567102,0.6652080705229781
2019,-0.09,5.4,8,1.2884426574724996,0.6519982106836174
2019,-0.09,5.5,8,1.31048213115671,0.6541288978690039
2019,-0.09,5.6000000000000005,8,1.31048213115671,0.6447606591111867
2019,-0.09,5.7,8,1.31048213115671,0.6338473308179818
2019,-0.09,5.800000000000001,8,1.31048213115671,0.611580986810896
2019,-0.09,5.9,8,1.31048213115671,0.6235566985788344
2019,-0.09,6.0,8,1.3117371512370315,0.6468833305014997
2019,-0.09,6.1000000000000005,8,1.3117371512370315,0.6474413662157853
2019,-0.09,6.2,8,1.3117371512370315,0.6737403114373727
2019,-0.09,6.300000000000001,8,1.3117371512370315,0.7179055251964079
2019,-0.09,6.4,8,1.3117371512370315,0.7327785785630186
2019,-0.09,6.5,8,1.3117371512370315,0.739510077614252
2019,-0.09,6.6000000000000005,8,1.3117371512370315,0.81307543462105
2019,-0.09,6.7,8,1.3117371512370315,0.7863608076874741
2019,-0.09,6.800000000000001,8,1.3117371512370315,0.7742640334939257
2019,-0.09,6.9,8,1.3117371512370315,0.7657320951145903
2019,-0.09,7.0,8,1.3117371512370315,0.876391128785104
2019,-0.09,7.1000000000000005,8,1.3117371512370315,0.8762368113255122
2019,-0.09,7.2,8,1.3117371512370315,0.8922701372149403
2019,-0.09,7.300000000000001,8,1.3117371512370315,0.9206179471694874
2019,-0.09,7.4,8,1.3117371512370315,0.9216634003293757
2019,-0.09,7.5,8,1.3117371512370315,0.9233191770365238
2019,-0.09,7.6000000000000005,8,1.3117371512370315,0.9385953561417465
2019,-0.09,7.7,8,1.3117371512370315,0.9705626360177128
2019,-0.09,7.800000000000001,8,1.3117371512370315,0.9762504727536508
2019,-0.09,7.9,8,1.3117371512370315,0.92451716896355
2019,-0.09,8.0,8,1.3117371512370315,0.9830243877555204
2019,-0.09,8.100000000000001,8,1.3117371512370315,0.9925455273423306
2019,-0.09,8.2,8,1.3117371512370315,1.018262219434881
2019,-0.09,8.3,8,1.3117371512370315,1.0199118388403692
2019,-0.09,8.4,8,1.3117371512370315,1.0276792601857903
2019,-0.09,8.5,8,1.3119743428878854,1.1004440170171583
2019,-0.09,8.600000000000001,8,1.3157694093015475,1.102670935145506
2019,-0.09,8.7,8,1.3195644757152099,1.0746891456078118
2019,-0.09,8.8,8,1.3240711170814337,1.0799377465514284
2019,-0.09,8.9,8,1.329644365489077,1.0909273553625216
2019,-0.09,9.0,8,1.329644365489077,1.075910574961812
2019,-0.09,9.1,8,1.3358780287950522,1.0720312572620054
2019,-0.09,9.200000000000001,8,1.3358780287950522,1.0933857109712766
2019,-0.09,9.3,8,1.33635241209676,1.0807721638034782
2019,-0.09,9.4,8,1.3569880857210486,1.0960224059400345
2019,-0.09,9.5,8,1.3676617100094737,1.1143925302642872
2019,-0.09,9.6,8,1.3676617100094737,1.1055673198241127
2019,-0.09,9.700000000000001,8,1.3676617100094737,1.0849735281431683
2019,-0.09,9.8,8,1.3676617100094737,1.0754754364466896
2019,-0.09,9.9,8,1.3676617100094737,1.1151037695054058
2019,-0.09,10.0,8,1.3676617100094737,1.136649313348189
2019,-0.095,1.0,8,0.9169826025814986,0.37862267599449234
2019,-0.095,1.1,8,0.9205404773443069,0.39447992803270615
2019,-0.095,1.2,8,0.9264702686156542,0.41254119352754304
2019,-0.095,1.3,8,0.9264702686156542,0.4152608006086188
2019,-0.095,1.4,8,0.9264702686156542,0.4383788721156596
2019,-0.095,1.5,8,0.9264702686156542,0.41235812245033165
2019,-0.095,1.6,8,0.9264702686156542,0.4123869379018912
2019,-0.095,1.7000000000000002,8,0.9264702686156542,0.3754612603633618
2019,-0.095,1.8,8,0.9264702686156542,0.3901515401059822
2019,-0.095,1.9,8,0.9264702686156542,0.3956736284593959
2019,-0.095,2.0,8,0.9264702686156542,0.3844894179330801
2019,-0.095,2.1,8,0.9264702686156542,0.3883235479666992
2019,-0.095,2.2,8,0.9264702686156542,0.3931218014903479
2019,-0.095,2.3,8,0.9427855296598309,0.3705382432147243
2019,-0.095,2.4000000000000004,8,0.9427855296598309,0.38932717659890936
2019,-0.095,2.5,8,0.9427855296598309,0.392007442676099
2019,-0.095,2.6,8,0.9427855296598309,0.42576960398146707
2019,-0.095,2.7,8,0.9430227213106848,0.4274299455374443
2019,-0.095,2.8,8,0.9456318294700775,0.4312739206401115
2019,-0.095,2.9000000000000004,8,0.831542760539342,0.3249617254967976
2019,-0.095,3.0,8,0.831542760539342,0.32735447749881286
2019,-0.095,3.1,8,0.8571594588315621,0.3933393286348419
2019,-0.095,3.2,8,0.8833684246759643,0.40403355114557793
2019,-0.095,3.3000000000000003,8,0.8833684246759643,0.40925176746436354
2019,-0.095,3.4000000000000004,8,0.8992046169134951,0.4579396625339339
2019,-0.095,3.5,8,0.9082178996459429,0.46049264945450863
2019,-0.095,3.6,8,0.9082178996459429,0.47828546297913765
2019,-0.095,3.7,8,0.9229357835767846,0.5276663722355102
2019,-0.095,3.8000000000000003,8,0.9229357835767846,0.5525682716895592
2019,-0.095,3.9000000000000004,8,0.9395420637700214,0.593975075177668
2019,-0.095,4.0,8,0.9444155133174568,0.5839516434545359
2019,-0.095,4.1,8,0.9444155133174568,0.586040208745045
2019,-0.095,4.2,8,1.0242114402366655,0.6272810904450019
2019,-0.095,4.300000000000001,8,1.0242114402366655,0.6362800781449207
2019,-0.095,4.4,8,1.0568239821610326,0.6808054526207288
2019,-0.095,4.5,8,1.0568239821610326,0.6851462864475819
2019,-0.095,4.6,8,1.0568239821610326,0.6946369942650217
2019,-0.095,4.7,8,1.0732713505820852,0.7437262593907403
2019,-0.095,4.800000000000001,8,1.1022568578284622,0.7083549960390929
2019,-0.095,4.9,8,1.1638510607270127,0.7241054463276733
2019,-0.095,5.0,8,1.1638510607270127,0.7251378653436668
2019,-0.095,5.1000000000000005,8,1.1638510607270127,0.7108294730244669
2019,-0.095,5.2,8,1.2625352712533284,0.6788149704573099
2019,-0.095,5.3,8,1.2652526625576763,0.6761783311241573
2019,-0.095,5.4,8,1.2854821311567102,0.6636080519180309
2019,-0.095,5.5,8,1.2854821311567102,0.667817178682371
2019,-0.095,5.6000000000000005,8,1.2884426574724996,0.6590544500067194
2019,-0.095,5.7,8,1.31048213115671,0.6488733876033034
2019,-0.095,5.800000000000001,8,1.31048213115671,0.6432676223803655
2019,-0.095,5.9,8,1.31048213115671,0.6522762749762904
2019,-0.095,6.0,8,1.31048213115671,0.5924202409994864
2019,-0.095,6.1000000000000005,8,1.31048213115671,0.6109230920740539
2019,-0.095,6.2,8,1.31048213115671,0.6148395933156765
2019,-0.095,6.300000000000001,8,1.3117371512370315,0.6468833305014997
2019,-0.095,6.4,8,1.3117371512370315,0.6577791134501133
2019,-0.095,6.5,8,1.3117371512370315,0.6595955745952674
2019,-0.095,6.6000000000000005,8,1.3117371512370315,0.7257677863429048
2019,-0.095,6.7,8,1.3117371512370315,0.7249660785630186
2019,-0.095,6.800000000000001,8,1.3117371512370315,0.7490642177416407
2019,-0.095,6.9,8,1.3117371512370315,0.81307543462105
2019,-0.095,7.0,8,1.3117371512370315,0.7863608076874741
2019,-0.095,7.1000000000000005,8,1.3117371512370315,0.7645455966020126
2019,-0.095,7.2,8,1.3117371512370315,0.802271069279748
2019,-0.095,7.300000000000001,8,1.3117371512370315,0.8786663587371705
2019,-0.095,7.4,8,1.3117371512370315,0.8803162495580509
2019,-0.095,7.5,8,1.3117371512370315,0.8840711438731522
2019,-0.095,7.6000000000000005,8,1.3117371512370315,0.919669180566072
2019,-0.095,7.7,8,1.3117371512370315,0.9206179471694874
2019,-0.095,7.800000000000001,8,1.3117371512370315,0.9259397161188493
2019,-0.095,7.9,8,1.3117371512370315,0.9565079006571696
2019,-0.095,8.0,8,1.3117371512370315,0.9742033849717834
2019,-0.095,8.100000000000001,8,1.3117371512370315,0.991395969351046
2019,-0.095,8.2,8,1.3117371512370315,0.938034711619944
2019,-0.095,8.3,8,1.3117371512370315,0.9409645373846026
2019,-0.095,8.4,8,1.3117371512370315,0.9830243877555204
2019,-0.095,8.5,8,1.3117371512370315,1.0087410798480707
2019,-0.095,8.600000000000001,8,1.3117371512370315,1.023395069676427
2019,-0.095,8.7,8,1.3117371512370315,1.025883176419987
2019,-0.095,8.8,8,1.3117371512370315,1.0928562656321115
2019,-0.095,8.9,8,1.3119743428878854,1.0994664224282764
2019,-0.095,9.0,8,1.3157694093015475,1.0630690058056187
2019,-0.095,9.1,8,1.3195644757152099,1.0722790274280865
2019,-0.095,9.200000000000001,8,1.3195644757152099,1.0798915425236681
2019,-0.095,9.3,8,1.329644365489077,1.09021578040996
2019,-0.095,9.4,8,1.329644365489077,1.0709017391897162
2019,-0.095,9.5,8,1.3303559404416387,1.0703451650671392
2019,-0.095,9.6,8,1.3358780287950522,1.1009446469047637
2019,-0.095,9.700000000000001,8,1.3358780287950522,1.0933857109712766
2019,-0.095,9.8,8,1.3569880857210486,1.1134908303623616
2019,-0.095,9.9,8,1.3569880857210486,1.1044097692759103
2019,-0.095,10.0,8,1.3676617100094737,1.1280092035889653
2019,-0.1,1.0,8,0.9169826025814986,0.3813837201711992
2019,-0.1,1.1,8,0.9169826025814986,0.400383761583227
2019,-0.1,1.2,8,0.9205404773443069,0.41491311003608194
2019,-0.1,1.3,8,0.9264702686156542,0.4145492256560571
2019,-0.1,1.4,8,0.9264702686156542,0.4152608006086188
2019,-0.1,1.5,8,0.9264702686156542,0.41235812245033165
2019,-0.1,1.6,8,0.9264702686156542,0.41235812245033165
2019,-0.1,1.7000000000000002,8,0.9264702686156542,0.3797392418545439
2019,-0.1,1.8,8,0.9264702686156542,0.36972454538751637
2019,-0.1,1.9,8,0.9264702686156542,0.3901515401059822
2019,-0.1,2.0,8,0.9264702686156542,0.3907394179330801
2019,-0.1,2.1,8,0.9264702686156542,0.397250033239462
2019,-0.1,2.2,8,0.9264702686156542,0.3963848536991833
2019,-0.1,2.3,8,0.9264702686156542,0.3931218014903479
2019,-0.1,2.4000000000000004,8,0.9427855296598309,0.37929428186206726
2019,-0.1,2.5,8,0.9427855296598309,0.3909195332868075
2019,-0.1,2.6,8,0.9427855296598309,0.4116299529191524
2019,-0.1,2.7,8,0.9427855296598309,0.42576960398146707
2019,-0.1,2.8,8,0.9430227213106848,0.4274299455374443
2019,-0.1,2.9000000000000004,8,0.9456318294700775,0.4312739206401115
2019,-0.1,3.0,8,0.9472921710260548,0.44167128091104657
2019,-0.1,3.1,8,0.831542760539342,0.32830324410222844
2019,-0.1,3.2,8,0.831542760539342,0.3723553155812802
2019,-0.1,3.3000000000000003,8,0.8710344588315619,0.4061682760032629
2019,-0.1,3.4000000000000004,8,0.8833684246759643,0.40925176746436354
2019,-0.1,3.5,8,0.8932748256421479,0.4592929256133592
2019,-0.1,3.6,8,0.8992046169134951,0.4579396625339339
2019,-0.1,3.7,8,0.9082178996459429,0.4663644647411328
2019,-0.1,3.8000000000000003,8,0.9229357835767846,0.542557513353967
2019,-0.1,3.9000000000000004,8,0.9229357835767846,0.5514522002609878
2019,-0.1,4.0,8,0.9229357835767846,0.5484921847330375
2019,-0.1,4.1,8,0.9444155133174568,0.5889464337093475
2019,-0.1,4.2,8,0.9444155133174568,0.5807669300787397
2019,-0.1,4.300000000000001,8,1.0061193349735078,0.5704449606726346
2019,-0.1,4.4,8,1.0242114402366655,0.6272810904450019
2019,-0.1,4.5,8,1.0568239821610326,0.676620184763586
2019,-0.1,4.6,8,1.0568239821610326,0.681198210241293
2019,-0.1,4.7,8,1.0568239821610326,0.6851462864475819
2019,-0.1,4.800000000000001,8,1.0568239821610326,0.6946369942650217
2019,-0.1,4.9,8,1.0732713505820852,0.7376845927240736
2019,-0.1,5.0,8,1.1022568578284622,0.7031367797203073
2019,-0.1,5.1000000000000005,8,1.1638510607270127,0.7241054463276733
2019,-0.1,5.2,8,1.1638510607270127,0.7098718564719652
2019,-0.1,5.3,8,1.1954300080954339,0.6674482293100854
2019,-0.1,5.4,8,1.2625352712533284,0.6855113990287385
2019,-0.1,5.5,8,1.2652526625576763,0.6761783311241573
2019,-0.1,5.6000000000000005,8,1.2854821311567102,0.6597854543306089
2019,-0.1,5.7,8,1.2854821311567102,0.6636113516147017
2019,-0.1,5.800000000000001,8,1.2884426574724996,0.6544979530705708
2019,-0.1,5.9,8,1.31048213115671,0.6421901951731055
2019,-0.1,6.0,8,1.31048213115671,0.645560421293409
2019,-0.1,6.1000000000000005,8,1.31048213115671,0.6448955570860486
2019,-0.1,6.2,8,1.31048213115671,0.6196853430285866
2019,-0.1,6.300000000000001,8,1.31048213115671,0.6050637170740539
2019,-0.1,6.4,8,1.31048213115671,0.5758329749106744
2019,-0.1,6.5,8,1.31048213115671,0.6441760728996638
2019,-0.1,6.6000000000000005,8,1.31048213115671,0.6435521504342646
2019,-0.1,6.7,8,1.3117371512370315,0.6459370081869554
2019,-0.1,6.800000000000001,8,1.3117371512370315,0.7134412394821223
2019,-0.1,6.9,8,1.3117371512370315,0.721303500628619
2019,-0.1,7.0,8,1.3117371512370315,0.7249660785630186
2019,-0.1,7.1000000000000005,8,1.3117371512370315,0.8040621518886023
2019,-0.1,7.2,8,1.3117371512370315,0.810829667812169
2019,-0.1,7.300000000000001,8,1.3117371512370315,0.8198429505446169
2019,-0.1,7.4,8,1.3117371512370315,0.7611669734136068
2019,-0.1,7.5,8,1.3117371512370315,0.802271069279748
2019,-0.1,7.6000000000000005,8,1.3117371512370315,0.8753204323370728
2019,-0.1,7.7,8,1.3117371512370315,0.8785592214456012
2019,-0.1,7.800000000000001,8,1.3117371512370315,0.8915812671426789
2019,-0.1,7.9,8,1.3117371512370315,0.9151511082769154
2019,-0.1,8.0,8,1.3117371512370315,0.919669180566072
2019,-0.1,8.100000000000001,8,1.3117371512370315,0.924894262958961
2019,-0.1,8.2,8,1.3117371512370315,0.9591284397394951
2019,-0.1,8.3,8,1.3117371512370315,0.9740238242240485
2019,-0.1,8.4,8,1.3117371512370315,0.9950367183051166
2019,-0.1,8.5,8,1.3117371512370315,0.9489131399442469
2019,-0.1,8.600000000000001,8,1.3117371512370315,0.9610081844586674
2019,-0.1,8.7,8,1.3117371512370315,0.9685190228423571
2019,-0.1,8.8,8,1.3117371512370315,1.0009599553500788
2019,-0.1,8.9,8,1.3117371512370315,1.0051178914422736
2019,-0.1,9.0,8,1.3117371512370315,1.0293664072560447
2019,-0.1,9.1,8,1.3117371512370315,1.0900699781672616
2019,-0.1,9.200000000000001,8,1.3117371512370315,1.0943496555505188
2019,-0.1,9.3,8,1.3119743428878854,1.0953200094212365
2019,-0.1,9.4,8,1.3119743428878854,1.0707109462829982
2019,-0.1,9.5,8,1.3157694093015475,1.0633529062414218
2019,-0.1,9.6,8,1.3195644757152099,1.0798915425236681
2019,-0.1,9.700000000000001,8,1.329644365489077,1.0793462151925686
2019,-0.1,9.8,8,1.329644365489077,1.0690901449868178
2019,-0.1,9.9,8,1.329644365489077,1.0857437157917769
2019,-0.1,10.0,8,1.3358780287950522,1.1009446469047637
