2019,-0.0,0.0,11,0.7465039335568431,0.07064864733361284
2019,-0.0,0.1,11,0.7728946662098086,0.05863876045974393
2019,-0.0,0.2,11,0.833570856369716,0.11663165305377278
2019,-0.0,0.30000000000000004,11,0.8780775532904989,0.30446498186838766
2019,-0.0,0.4,11,1.1694460643059719,0.4408801268242359
2019,-0.0,0.5,11,1.3106798305397378,0.4680409271689063
2019,-0.0,0.6000000000000001,11,1.3398071352129763,0.5817030627734161
2019,-0.0,0.7000000000000001,11,1.3551480443038855,0.6417453310007484
2019,-0.0,0.8,11,1.417153008246274,0.7355735455865852
2019,-0.0,0.9,11,1.685053491456228,0.8057811179815232
2019,-0.0,1.0,11,1.6944957400289113,0.9059381921588414
2019,-0.0,1.1,11,1.7267776171654836,0.9773774253269935
2019,-0.0,1.2000000000000002,11,1.7486918938735523,1.1023123247890219
2019,-0.0,1.3,11,1.835433736123187,1.194964853097004
2019,-0.0,1.4000000000000001,11,1.9068469792261533,1.2839349328651422
2019,-0.0,1.5,11,1.927786500578776,1.4144006356441465
2019,-0.0,1.6,11,1.9397482230668146,1.4855930214958426
2019,-0.0,1.7000000000000002,11,1.7600631373282027,1.2962745277752696
2019,-0.0,1.8,11,1.806456087759052,1.3596462367571953
2019,-0.0,1.9000000000000001,11,1.6105453439434536,1.1716545498871946
2019,-0.0,2.0,11,1.7511938085042325,1.2527677237867445
2019,-0.0,2.1,11,1.884773291462121,1.3133699983480958
2019,-0.0,2.2,11,1.8965856828923469,1.4401240358349634
2019,-0.0,2.3000000000000003,11,2.2354010363428416,1.4911224391269828
2019,-0.0,2.4000000000000004,11,2.8489461257915454,1.5514164859608464
2019,-0.0,2.5,11,8.005937728566279,1.6433900765962202
2019,-0.0,2.6,11,8.005937728566279,1.6732811127720113
2019,-0.0,2.7,11,7.712961933876235,1.4599632253726715
2019,-0.0,2.8000000000000003,11,7.716291406950931,1.4992479600814759
2019,-0.0,2.9000000000000004,11,7.369591928085847,1.1664947622081276
2019,-0.0,3.0,11,7.012043226787146,0.9221512718813955
2019,-0.0,3.1,11,7.012043226787146,0.971433568532113
2019,-0.0,3.2,11,7.012043226787146,0.9957892256798079
2019,-0.0,3.3000000000000003,11,6.626055965640649,0.802730017218865
2019,-0.0,3.4000000000000004,11,6.230140287116276,0.4068143386944909
2019,-0.0,3.5,11,6.230140287116276,0.4068143386944909
2019,-0.0,3.6,11,6.230140287116276,0.4249961568763091
2019,-0.0,3.7,11,6.230140287116276,0.459603594892838
2019,-0.0,3.8000000000000003,11,5.798800574197615,0.02826388197417766
2019,-0.0,3.9000000000000004,11,5.798800574197615,0.02826388197417766
2019,-0.0,4.0,11,5.798800574197615,0.02826388197417766
2019,-0.0,4.1000000000000005,11,5.343738590726542,-0.42679810149689673
2019,-0.0,4.2,11,5.343738590726542,-0.42679810149689673
2019,-0.0,4.3,11,5.343738590726542,-0.42679810149689673
2019,-0.0,4.4,11,5.343738590726542,-0.42679810149689673
2019,-0.0,4.5,11,5.343738590726542,-0.42679810149689673
2019,-0.0,4.6000000000000005,11,5.343738590726542,-0.42679810149689673
2019,-0.0,4.7,11,5.343738590726542,-0.42679810149689673
2019,-0.0,4.800000000000001,11,5.343738590726542,-0.42679810149689673
2019,-0.0,4.9,11,5.343738590726542,-0.42679810149689673
2019,-0.0,5.0,11,5.343738590726542,-0.42679810149689673
2019,-0.0,5.1000000000000005,11,5.343738590726542,-0.42679810149689673
2019,-0.0,5.2,11,5.343738590726542,-0.42679810149689673
2019,-0.0,5.300000000000001,11,5.343738590726542,-0.42679810149689673
2019,-0.0,5.4,10,-1.0,-1.0
2019,-0.0,5.5,10,-1.0,-1.0
2019,-0.0,5.6000000000000005,10,-1.0,-1.0
2019,-0.0,5.7,10,-1.0,-1.0
2019,-0.0,5.800000000000001,10,-1.0,-1.0
2019,-0.0,5.9,10,-1.0,-1.0
2019,-0.0,6.0,10,-1.0,-1.0
2019,-0.005,0.0,11,0.7465039335568431,0.07064864733361284
2019,-0.005,0.1,11,0.8298475083057203,0.11927256864962878
2019,-0.005,0.2,11,0.8787256591358531,0.13849309044014202
2019,-0.005,0.30000000000000004,11,0.9194093530282071,0.28033997020367063
2019,-0.005,0.4,11,0.947259090907026,0.34014170169893654
2019,-0.005,0.5,11,0.9596753242245619,0.3852166944468165
2019,-0.005,0.6000000000000001,11,0.9596753242245619,0.4436120321933635
2019,-0.005,0.7000000000000001,11,0.9596753242245619,0.4694109690738666
2019,-0.005,0.8,11,0.9699208517893666,0.5444294644423816
2019,-0.005,0.9,11,1.0199498037291466,0.5347606183900583
2019,-0.005,1.0,11,1.0293920523018298,0.5461844633384083
2019,-0.005,1.1,11,1.0366234572605075,0.5550218473821296
2019,-0.005,1.2000000000000002,11,1.1030595104052376,0.5710355733167538
2019,-0.005,1.3,11,1.1338887226064698,0.6083035732034384
2019,-0.005,1.4000000000000001,11,1.3131900592482477,0.6489679052943907
2019,-0.005,1.5,11,1.3274632256953274,0.7158734896973127
2019,-0.005,1.6,11,1.5303787657931371,0.7743997678930103
2019,-0.005,1.7000000000000002,11,1.5339672825395483,0.8643752850432503
2019,-0.005,1.8,11,1.5475962839718316,0.9446521825552474
2019,-0.005,1.9000000000000001,11,1.7556140517054215,0.9963472493039504
2019,-0.005,2.0,11,1.773553770034186,1.0341684353457614
2019,-0.005,2.1,11,1.8284891309124491,1.1038660501651483
2019,-0.005,2.2,11,1.9876849820851812,1.1885287262688422
2019,-0.005,2.3000000000000003,11,2.04816467953741,1.220247178323473
2019,-0.005,2.4000000000000004,11,2.054227549747539,1.1906638006383432
2019,-0.005,2.5,11,2.07157855435375,1.288522396479153
2019,-0.005,2.6,11,2.085524835345486,1.378694461554036
2019,-0.005,2.7,11,2.1459587196430068,1.465227054386616
2019,-0.005,2.8000000000000003,11,2.1459587196430068,1.5809186718368275
2019,-0.005,2.9000000000000004,11,2.1517825832793704,1.590613029335138
2019,-0.005,3.0,11,2.1695689921977763,1.7364028888251226
2019,-0.005,3.1,11,1.9369771258681716,1.5519812820154022
2019,-0.005,3.2,11,1.9832049700116938,1.5354099027305503
2019,-0.005,3.3000000000000003,11,2.030751884671986,1.5835328789670031
2019,-0.005,3.4000000000000004,11,2.046794665420649,1.5200265007243317
2019,-0.005,3.5,11,2.075272211970485,1.5485014052701755
2019,-0.005,3.6,11,2.081478856731347,1.6301815536612911
2019,-0.005,3.7,11,1.7799444039230081,1.4903542947519897
2019,-0.005,3.8000000000000003,11,1.4643836105247865,1.1176468854680222
2019,-0.005,3.9000000000000004,11,1.4911215784392249,1.1617555056693742
2019,-0.005,4.0,11,1.2354397602574068,0.9288967447857955
2019,-0.005,4.1000000000000005,11,1.4600800569814931,0.9699271015206293
2019,-0.005,4.2,11,1.028740344062833,0.6001083172473458
2019,-0.005,4.3,11,1.6540978249417622,0.6219010715389711
2019,-0.005,4.4,11,6.869919769349385,0.7494321780004308
2019,-0.005,4.5,11,6.512371068050684,0.40792625745039257
2019,-0.005,4.6000000000000005,11,6.512371068050684,0.40913377858201244
2019,-0.005,4.7,11,6.512371068050684,0.4299706050099142
2019,-0.005,4.800000000000001,11,6.184787835344111,0.10285060333982136
2019,-0.005,4.9,11,6.184787835344111,0.1330729402845894
2019,-0.005,5.0,11,6.184787835344111,0.14129529118209952
2019,-0.005,5.1000000000000005,11,6.184787835344111,0.15629505969342442
2019,-0.005,5.2,11,6.184787835344111,0.41135594914267787
2019,-0.005,5.300000000000001,11,6.184787835344111,0.41135594914267787
2019,-0.005,5.4,11,6.184787835344111,0.41135594914267787
2019,-0.005,5.5,11,5.798800574197615,0.02826388197417766
2019,-0.005,5.6000000000000005,11,5.343738590726542,-0.42679810149689673
2019,-0.005,5.7,11,5.343738590726542,-0.42679810149689673
2019,-0.005,5.800000000000001,11,5.343738590726542,-0.42679810149689673
2019,-0.005,5.9,11,5.343738590726542,-0.42679810149689673
2019,-0.005,6.0,11,5.343738590726542,-0.42679810149689673
2019,-0.01,0.0,11,0.7465039335568431,0.07064864733361284
2019,-0.01,0.1,11,0.8267483347520013,0.11410727939343043
2019,-0.01,0.2,11,0.8762570481701627,0.13187623186148412
2019,-0.01,0.30000000000000004,11,0.8764831198914163,0.16732306077152245
2019,-0.01,0.4,11,0.8914638639821487,0.2956122185535431
2019,-0.01,0.5,11,0.9492982759911044,0.31384986844783813
2019,-0.01,0.6000000000000001,11,0.957323822095606,0.3597720557395618
2019,-0.01,0.7000000000000001,11,0.9580540155968837,0.414683594034303
2019,-0.01,0.8,11,0.9580540155968837,0.4660354371223814
2019,-0.01,0.9,11,0.9596753242245619,0.48241364573130235
2019,-0.01,1.0,11,0.9596753242245619,0.5487188571613731
2019,-0.01,1.1,11,0.9691175727972453,0.541187945157432
2019,-0.01,1.2000000000000002,11,0.9691175727972453,0.5591616033961211
2019,-0.01,1.3,11,0.9920832985249377,0.582610022298688
2019,-0.01,1.4000000000000001,11,1.0448626847438145,0.5417124124898456
2019,-0.01,1.5,11,1.0611992880685832,0.6120872393712552
2019,-0.01,1.6,11,1.0760694585390282,0.5983300337026681
2019,-0.01,1.7000000000000002,11,1.1140698575114028,0.659197418295955
2019,-0.01,1.8,11,1.1365887171956386,0.6399183847174
2019,-0.01,1.9000000000000001,11,1.1716068651301044,0.7124961089051747
2019,-0.01,2.0,11,1.1836370756587884,0.7478664864095084
2019,-0.01,2.1,11,1.1836370756587884,0.7878265466417292
2019,-0.01,2.2,11,1.1836370756587884,0.835594456269297
2019,-0.01,2.3000000000000003,11,1.2873156140582638,0.8544793220098612
2019,-0.01,2.4000000000000004,11,1.3462328115104931,0.8858879786442092
2019,-0.01,2.5,11,1.3462328115104931,0.8947089701155536
2019,-0.01,2.6,11,1.5086810131887363,0.9072702896057873
2019,-0.01,2.7,11,1.7526656006874277,0.9586390543906248
2019,-0.01,2.8000000000000003,11,1.7544459154922998,1.0078771798926132
2019,-0.01,2.9000000000000004,11,1.7917210455814,0.9986525604920576
2019,-0.01,3.0,11,1.9730556137458777,1.0152766990565718
2019,-0.01,3.1,11,2.026542287714479,1.1228024725731218
2019,-0.01,3.2,11,2.026542287714479,1.159580022267444
2019,-0.01,3.3000000000000003,11,2.026542287714479,1.2038854159458785
2019,-0.01,3.4000000000000004,11,2.0375000799222716,1.2892988214070586
2019,-0.01,3.5,11,2.1197268238369458,1.3674989318356359
2019,-0.01,3.6,11,2.1295279602005817,1.385360538215219
2019,-0.01,3.7,11,2.135734604961443,1.4966396166753562
2019,-0.01,3.8000000000000003,11,2.171181091320101,1.5520941689500665
2019,-0.01,3.9000000000000004,11,2.171181091320101,1.5966636114257362
2019,-0.01,4.0,11,2.2331774756176217,1.5440149485844297
2019,-0.01,4.1000000000000005,11,2.2485183847085306,1.566240316355235
2019,-0.01,4.2,11,2.2485183847085306,1.4918654872317942
2019,-0.01,4.3,11,2.2511059299905734,1.4981493319057402
2019,-0.01,4.4,11,2.2511059299905734,1.611753974322063
2019,-0.01,4.5,11,2.2511059299905734,1.68134938937008
2019,-0.01,4.6000000000000005,11,2.2511059299905734,1.6054176113627852
2019,-0.01,4.7,11,1.9407311843097297,1.1938880182225797
2019,-0.01,4.800000000000001,11,1.9672147102714341,1.1927042585992758
2019,-0.01,4.9,11,1.9814192557259795,1.210723699797284
2019,-0.01,5.0,11,1.9848283466350707,1.2451388782758732
2019,-0.01,5.1000000000000005,11,2.030111752987754,1.2764343856341913
2019,-0.01,5.2,11,2.0416694552475434,1.2797567057563173
2019,-0.01,5.300000000000001,11,2.072014745326264,1.3253348761927968
2019,-0.01,5.4,11,1.7307282042637178,1.0900543886625984
2019,-0.01,5.5,11,1.7653356422802469,1.1194772989949677
2019,-0.01,5.6000000000000005,11,1.4086582148672457,0.8655036999766567
2019,-0.01,5.7,11,1.4143508144877392,0.9088039759236813
2019,-0.01,5.800000000000001,11,1.4410887824021776,0.963773461558214
2019,-0.01,5.9,11,1.4410887824021776,1.0408352084993817
2019,-0.01,6.0,11,1.6311216411097353,1.0481499335257178
2019,-0.015,0.0,11,0.7465039335568431,0.07064864733361284
2019,-0.015,0.1,11,0.8026695328359092,0.11545288659456747
2019,-0.015,0.2,11,0.8447272208300024,0.13827189145310267
2019,-0.015,0.30000000000000004,11,0.8764831198914163,0.16003652837631835
2019,-0.015,0.4,11,0.8764831198914163,0.27897606800273034
2019,-0.015,0.5,11,0.8913107722449147,0.28832417923179327
2019,-0.015,0.6000000000000001,11,0.9382580827877234,0.3285501648277092
2019,-0.015,0.7000000000000001,11,0.957323822095606,0.35416971142589443
2019,-0.015,0.8,11,0.957323822095606,0.39117868076420625
2019,-0.015,0.9,11,0.957323822095606,0.43193243248884094
2019,-0.015,1.0,11,0.957323822095606,0.4747256832352067
2019,-0.015,1.1,11,0.9580540155968837,0.4764192084014233
2019,-0.015,1.2000000000000002,11,0.9691175727972453,0.4841130124604795
2019,-0.015,1.3,11,0.9691175727972453,0.5610727477528565
2019,-0.015,1.4000000000000001,11,0.9830236466094536,0.542640468135118
2019,-0.015,1.5,11,0.9902700234210479,0.5828932281527917
2019,-0.015,1.6,11,0.9902700234210479,0.6319187397070686
2019,-0.015,1.7000000000000002,11,1.001458567904787,0.6116699085541448
2019,-0.015,1.8,11,1.0170016360932193,0.6483752125913395
2019,-0.015,1.9000000000000001,11,1.0205901528396308,0.646472506136093
2019,-0.015,2.0,11,1.0932440555276584,0.6413673811394139
2019,-0.015,2.1,11,1.0970391219413202,0.6791413224369814
2019,-0.015,2.2,11,1.1322353564641718,0.7271305691847796
2019,-0.015,2.3000000000000003,11,1.1528630034967202,0.7337499350458053
2019,-0.015,2.4000000000000004,11,1.1733268074806396,0.7761390503249553
2019,-0.015,2.5,11,1.314808783149821,0.7451565829201182
2019,-0.015,2.6,11,1.3308063066563738,0.7804270273695735
2019,-0.015,2.7,11,1.4207584597664216,0.7968581070410798
2019,-0.015,2.8000000000000003,11,1.427989864725099,0.8065906809149733
2019,-0.015,2.9000000000000004,11,1.436184964620541,0.8155021787952884
2019,-0.015,3.0,11,1.436184964620541,0.9370161019502832
2019,-0.015,3.1,11,1.436184964620541,0.9494946353875003
2019,-0.015,3.2,11,1.436184964620541,0.9798087135632333
2019,-0.015,3.3000000000000003,11,1.436184964620541,0.9992563816682618
2019,-0.015,3.4000000000000004,11,1.437852243564786,1.047173399168386
2019,-0.015,3.5,11,1.440197737672792,1.07555115898671
2019,-0.015,3.6,11,1.440197737672792,1.0909277883904496
2019,-0.015,3.7,11,1.4494101603138745,1.1403016884128003
2019,-0.015,3.8000000000000003,11,1.5902607342042636,1.0177920306611676
2019,-0.015,3.9000000000000004,11,1.673629798084781,1.1045368096867474
2019,-0.015,4.0,11,1.7966330207048713,1.1706807189760846
2019,-0.015,4.1000000000000005,11,1.9763850868205741,1.1778400473041115
2019,-0.015,4.2,11,1.9763850868205741,1.1843334799535894
2019,-0.015,4.3,11,1.9763850868205741,1.2284415851054453
2019,-0.015,4.4,11,1.9763850868205741,1.2599339208507565
2019,-0.015,4.5,11,1.9937360914267854,1.066994206987675
2019,-0.015,4.6000000000000005,11,1.9937360914267854,0.9596319880770582
2019,-0.015,4.7,11,2.0581805576031793,1.0457437940491117
2019,-0.015,4.800000000000001,11,2.1056643238369457,1.0997367512711163
2019,-0.015,4.9,11,2.1056643238369457,1.128367678277019
2019,-0.015,5.0,11,2.1056643238369457,0.9869001400400325
2019,-0.015,5.1000000000000005,11,2.1336731048286808,1.0411487300628146
2019,-0.015,5.2,11,2.143474241192317,1.0912469322664924
2019,-0.015,5.300000000000001,11,2.211575157253255,1.16441510003314
2019,-0.015,5.4,11,2.231614975617622,1.1815221836995353
2019,-0.015,5.5,11,2.231614975617622,1.2346602972835752
2019,-0.015,5.6000000000000005,11,2.2342025208996645,1.228703810402638
2019,-0.015,5.7,11,2.2357650208996644,1.2725385647214382
2019,-0.015,5.800000000000001,11,2.2511059299905734,1.3761023284739065
2019,-0.015,5.9,11,2.2511059299905734,1.4291851962353515
2019,-0.015,6.0,11,2.2511059299905734,1.4763005622138652
2019,-0.02,0.0,11,0.7465039335568431,0.07064864733361284
2019,-0.02,0.1,11,0.8026695328359092,0.10734524471083451
2019,-0.02,0.2,11,0.8349230432350857,0.1254946205530169
2019,-0.02,0.30000000000000004,11,0.8762570481701627,0.15404094562705278
2019,-0.02,0.4,11,0.8764831198914163,0.274146171471296
2019,-0.02,0.5,11,0.8764831198914163,0.28236714382153383
2019,-0.02,0.6000000000000001,11,0.8892407360192807,0.2905863258269345
2019,-0.02,0.7000000000000001,11,0.910312593741665,0.3320982590337927
2019,-0.02,0.8,11,0.9397275489758715,0.3571536358398926
2019,-0.02,0.9,11,0.957323822095606,0.39649361616918755
2019,-0.02,1.0,11,0.957323822095606,0.411390871463348
2019,-0.02,1.1,11,0.957323822095606,0.4361949007656738
2019,-0.02,1.2000000000000002,11,0.957323822095606,0.46269225180717277
2019,-0.02,1.3,11,0.9667660706682891,0.4651916173318188
2019,-0.02,1.4000000000000001,11,0.9683648223629663,0.5007840629949937
2019,-0.02,1.5,11,0.9830236466094536,0.5243082967928934
2019,-0.02,1.6,11,0.9902700234210479,0.5956566467133746
2019,-0.02,1.7000000000000002,11,0.9902700234210479,0.6181014309811579
2019,-0.02,1.8,11,1.001458567904787,0.6203343734477836
2019,-0.02,1.9000000000000001,11,1.0124379267102328,0.6786825376798565
2019,-0.02,2.0,11,1.0124379267102328,0.720360313466748
2019,-0.02,2.1,11,1.0160264434566442,0.6705324739680978
2019,-0.02,2.2,11,1.0279881659446823,0.7160740649307323
2019,-0.02,2.3000000000000003,11,1.0444095828375504,0.7171763367241338
2019,-0.02,2.4000000000000004,11,1.0523127627969144,0.6980074031841359
2019,-0.02,2.5,11,1.0583503684550133,0.6911891402506487
2019,-0.02,2.6,11,1.2788227370997192,0.6807397412909145
2019,-0.02,2.7,11,1.286240366908241,0.7121313461590864
2019,-0.02,2.8000000000000003,11,1.2966411675109988,0.7538251690302725
2019,-0.02,2.9000000000000004,11,1.3879733447714693,0.7294051278182798
2019,-0.02,3.0,11,1.404760936259869,0.7767520957818399
2019,-0.02,3.1,11,1.404760936259869,0.7805221488068355
2019,-0.02,3.2,11,1.4207584597664216,0.8158967017401207
2019,-0.02,3.3000000000000003,11,1.4207584597664216,0.8789339633316892
2019,-0.02,3.4000000000000004,11,1.4207584597664216,0.8909483402499518
2019,-0.02,3.5,11,1.4207584597664216,0.9257085472377846
2019,-0.02,3.6,11,1.4289535596618632,0.9207063385765605
2019,-0.02,3.7,11,1.436184964620541,0.9620730475241832
2019,-0.02,3.8000000000000003,11,1.436184964620541,0.9819134560312556
2019,-0.02,3.9000000000000004,11,1.436184964620541,1.0447185204112734
2019,-0.02,4.0,11,1.436184964620541,1.106221421273442
2019,-0.02,4.1000000000000005,11,1.436184964620541,1.0965454833826158
2019,-0.02,4.2,11,1.441181716639482,1.0815047516330607
2019,-0.02,4.3,11,1.443527210747488,1.089912814496215
2019,-0.02,4.4,11,1.443527210747488,1.1273920961526118
2019,-0.02,4.5,11,1.4516657927126162,1.1922301354306304
2019,-0.02,4.6000000000000005,11,1.4527396333885705,1.2244684387846994
2019,-0.02,4.7,11,1.4543221354373457,1.1852980240614102
2019,-0.02,4.800000000000001,11,1.4543221354373457,1.1620006271835068
2019,-0.02,4.9,11,1.5816971323569347,1.0085742879073016
2019,-0.02,5.0,11,1.5816971323569347,1.0478101539438
2019,-0.02,5.1000000000000005,11,1.6253989239240014,0.8251818146448244
2019,-0.02,5.2,11,1.8491202555314226,0.7883891488491657
2019,-0.02,5.300000000000001,11,1.9763850868205741,0.7235512366670149
2019,-0.02,5.4,11,1.9763850868205741,0.6569424534145419
2019,-0.02,5.5,11,1.9937360914267854,0.6579132232882245
2019,-0.02,5.6000000000000005,11,1.9937360914267854,0.6418197963080913
2019,-0.02,5.7,11,1.9937360914267854,0.6880741199408932
2019,-0.02,5.800000000000001,11,1.9937360914267854,0.7208805031242442
2019,-0.02,5.9,11,1.9937360914267854,0.7548349715351836
2019,-0.02,6.0,11,2.0046938836345776,0.8493569818116206
2019,-0.025,0.0,11,0.7465039335568431,0.07064864733361284
2019,-0.025,0.1,11,0.8026695328359092,0.10855276584245432
2019,-0.025,0.2,11,0.8286982033478133,0.12563125907204162
2019,-0.025,0.30000000000000004,11,0.8490397963000732,0.16538718762139173
2019,-0.025,0.4,11,0.8764831198914163,0.2661304257056027
2019,-0.025,0.5,11,0.8764831198914163,0.276055293997619
2019,-0.025,0.6000000000000001,11,0.8770200402293935,0.284965650764012
2019,-0.025,0.7000000000000001,11,0.9046106638366607,0.31753130511688193
2019,-0.025,0.8,11,0.910312593741665,0.352193952813697
2019,-0.025,0.9,11,0.9307573919981244,0.3698748955783646
2019,-0.025,1.0,11,0.9504237013434927,0.38408516038484763
2019,-0.025,1.1,11,0.957323822095606,0.4039345354424491
2019,-0.025,1.2000000000000002,11,0.957323822095606,0.4267265188994509
2019,-0.025,1.3,11,0.957323822095606,0.4287000993680355
2019,-0.025,1.4000000000000001,11,0.9676346288616884,0.45901005683169804
2019,-0.025,1.5,11,0.970385063140785,0.47880688111854613
2019,-0.025,1.6,11,0.9806721444804978,0.5042468320683865
2019,-0.025,1.7000000000000002,11,0.9886487147933699,0.5573942762719986
2019,-0.025,1.8,11,0.9886487147933699,0.5797775950638416
2019,-0.025,1.9000000000000001,11,0.9981647602631533,0.6217264884482253
2019,-0.025,2.0,11,1.001458567904787,0.643870164100771
2019,-0.025,2.1,11,1.0124379267102328,0.6844952224929972
2019,-0.025,2.2,11,1.0160264434566442,0.7103406009344456
2019,-0.025,2.3000000000000003,11,1.0279881659446823,0.7476120402771322
2019,-0.025,2.4000000000000004,11,1.0279881659446823,0.6955479596759001
2019,-0.025,2.5,11,1.0398458734545637,0.7468641053492496
2019,-0.025,2.6,11,1.0398458734545637,0.7663422169163858
2019,-0.025,2.7,11,1.0527645337416451,0.7882677574508864
2019,-0.025,2.8000000000000003,11,1.2039533504523319,0.6731632822475547
2019,-0.025,2.9000000000000004,11,1.2094734470540225,0.68398646218194
2019,-0.025,3.0,11,1.3032206665777324,0.6684389816011073
2019,-0.025,3.1,11,1.318745938269987,0.6810214249092162
2019,-0.025,3.2,11,1.3261635680785089,0.6963053044176314
2019,-0.025,3.3000000000000003,11,1.3761925200182887,0.7177477501087993
2019,-0.025,3.4000000000000004,11,1.3879733447714693,0.7280942372526525
2019,-0.025,3.5,11,1.3879733447714693,0.800416139675335
2019,-0.025,3.6,11,1.3915339743812127,0.866521990341884
2019,-0.025,3.7,11,1.4049334392786716,0.8805633886696433
2019,-0.025,3.8000000000000003,11,1.4049334392786716,0.9100345422556679
2019,-0.025,3.9000000000000004,11,1.4207584597664216,0.913254283235533
2019,-0.025,4.0,11,1.4207584597664216,0.9411829518117945
2019,-0.025,4.1000000000000005,11,1.4207584597664216,0.969109374734722
2019,-0.025,4.2,11,1.4207584597664216,0.9748186413135539
2019,-0.025,4.3,11,1.4289535596618632,1.0444130673061975
2019,-0.025,4.4,11,1.4289535596618632,1.0385594493222345
2019,-0.025,4.5,11,1.4289535596618632,1.044476621733054
2019,-0.025,4.6000000000000005,11,1.4395144376952371,1.0297302319908415
2019,-0.025,4.7,11,1.4395144376952371,1.0856723318050217
2019,-0.025,4.800000000000001,11,1.4395144376952371,1.0872375703714416
2019,-0.025,4.9,11,1.4395144376952371,1.1263998379438296
2019,-0.025,5.0,11,1.441181716639482,1.1798687043858285
2019,-0.025,5.1000000000000005,11,1.443527210747488,1.189007662766271
2019,-0.025,5.2,11,1.443527210747488,1.1732833329831005
2019,-0.025,5.300000000000001,11,1.4453075255523595,1.0664264034758504
2019,-0.025,5.4,11,1.4527396333885705,1.0888857051813885
2019,-0.025,5.5,11,1.4527396333885705,1.099211044666741
2019,-0.025,5.6000000000000005,11,1.4543221354373457,1.0399217319799403
2019,-0.025,5.7,11,1.4543221354373457,0.6792226781548589
2019,-0.025,5.800000000000001,11,1.4543221354373457,0.7063408060948694
2019,-0.025,5.9,11,1.4936890185542289,0.6270084838585809
2019,-0.025,6.0,11,1.5155445349543373,0.6427435407462941
2019,-0.03,0.0,11,0.7465039335568431,0.07064864733361284
2019,-0.03,0.1,11,0.786547311527108,0.10955611966781906
2019,-0.03,0.2,11,0.8046194014317213,0.12327101798134307
2019,-0.03,0.30000000000000004,11,0.8388621181907062,0.16171323541156168
2019,-0.03,0.4,11,0.8733839463376973,0.1835649045615514
2019,-0.03,0.5,11,0.8764831198914163,0.27286833284405976
2019,-0.03,0.6000000000000001,11,0.8764831198914163,0.28617949467421994
2019,-0.03,0.7000000000000001,11,0.8770200402293935,0.30412867690644324
2019,-0.03,0.8,11,0.9046106638366607,0.31580627492885366
2019,-0.03,0.9,11,0.9096225816664536,0.36494625931239405
2019,-0.03,1.0,11,0.9117820599298131,0.36884085759633634
2019,-0.03,1.1,11,0.9462836288922248,0.3689204134626438
2019,-0.03,1.2000000000000002,11,0.957323822095606,0.38925521537436664
2019,-0.03,1.3,11,0.957323822095606,0.3947036092764854
2019,-0.03,1.4000000000000001,11,0.957323822095606,0.41373273668370075
2019,-0.03,1.5,11,0.970385063140785,0.4282644480606128
2019,-0.03,1.6,11,0.970385063140785,0.4783941644913963
2019,-0.03,1.7000000000000002,11,0.9806721444804978,0.4831535586906597
2019,-0.03,1.8,11,0.987918521292092,0.5435980782216195
2019,-0.03,1.9000000000000001,11,0.987918521292092,0.5691389052820109
2019,-0.03,2.0,11,0.9958132581341974,0.604907206548081
2019,-0.03,2.1,11,0.999837259277109,0.6081480706716098
2019,-0.03,2.2,11,1.0124379267102328,0.6878554153592576
2019,-0.03,2.3000000000000003,11,1.0160264434566442,0.6961952997289296
2019,-0.03,2.4000000000000004,11,1.0279881659446823,0.7470336339441581
2019,-0.03,2.5,11,1.0279881659446823,0.7443280486070734
2019,-0.03,2.6,11,1.0398458734545637,0.7843558635852688
2019,-0.03,2.7,11,1.0398458734545637,0.7410626852634746
2019,-0.03,2.8000000000000003,11,1.0398458734545637,0.7241494273664224
2019,-0.03,2.9000000000000004,11,1.1942465094108266,0.7264384032565601
2019,-0.03,3.0,11,1.1942465094108266,0.742747993594256
2019,-0.03,3.1,11,1.1942465094108266,0.7417694288048046
2019,-0.03,3.2,11,1.2841986625208746,0.7044712339507052
2019,-0.03,3.3000000000000003,11,1.2994256001640705,0.6737036936704788
2019,-0.03,3.4000000000000004,11,1.3027031575213242,0.6772789472208374
2019,-0.03,3.5,11,1.3032206665777324,0.7145944962495503
2019,-0.03,3.6,11,1.318745938269987,0.7124516561976627
2019,-0.03,3.7,11,1.3261635680785089,0.7239592085713954
2019,-0.03,3.8000000000000003,11,1.3261635680785089,0.7537169296373315
2019,-0.03,3.9000000000000004,11,1.3861976951088528,0.8158997701632725
2019,-0.03,4.0,11,1.3879733447714693,0.834865891389073
2019,-0.03,4.1000000000000005,11,1.3879733447714693,0.8531848414887719
2019,-0.03,4.2,11,1.3915339743812127,0.9082138670645015
2019,-0.03,4.3,11,1.3992516210968533,0.9176191169977407
2019,-0.03,4.4,11,1.4049334392786716,0.9492367571202578
2019,-0.03,4.5,11,1.4207584597664216,0.9894377643784922
2019,-0.03,4.6000000000000005,11,1.4207584597664216,1.0366326327245572
2019,-0.03,4.7,11,1.4207584597664216,1.0364663018746223
2019,-0.03,4.800000000000001,11,1.4207584597664216,1.0434909567370243
2019,-0.03,4.9,11,1.4247661480048783,1.0085438193117433
2019,-0.03,5.0,11,1.4322830327365592,1.0508842234193476
2019,-0.03,5.1000000000000005,11,1.4322830327365592,1.0545080201276769
2019,-0.03,5.2,11,1.4322830327365592,1.0609097514202273
2019,-0.03,5.300000000000001,11,1.4322830327365592,1.0894172670963216
2019,-0.03,5.4,11,1.4322830327365592,1.0854074432719332
2019,-0.03,5.5,11,1.4395144376952371,1.1236628980223857
2019,-0.03,5.6000000000000005,11,1.4395144376952371,1.1424284051451108
2019,-0.03,5.7,11,1.4395144376952371,1.0374951602665254
2019,-0.03,5.800000000000001,11,1.441181716639482,1.0547113995496602
2019,-0.03,5.9,11,1.443527210747488,1.0711079852127032
2019,-0.03,6.0,11,1.443527210747488,1.0643982502827039
2019,-0.035,0.0,11,0.7465039335568431,0.07064864733361284
2019,-0.035,0.1,11,0.786547311527108,0.10955611966781906
2019,-0.035,0.2,11,0.8046194014317213,0.12327101798134307
2019,-0.035,0.30000000000000004,11,0.8357629446369873,0.15799828780140238
2019,-0.035,0.4,11,0.8490397963000732,0.19668788793889005
2019,-0.035,0.5,11,0.8764831198914163,0.26974612818494154
2019,-0.035,0.6000000000000001,11,0.8764831198914163,0.28415960608366836
2019,-0.035,0.7000000000000001,11,0.8764831198914163,0.3053425208166512
2019,-0.035,0.8,11,0.8770200402293935,0.3136550715235566
2019,-0.035,0.9,11,0.9046106638366607,0.3519318325647088
2019,-0.035,1.0,11,0.9075525454408196,0.3578834368493646
2019,-0.035,1.1,11,0.9117820599298131,0.3847553856520127
2019,-0.035,1.2000000000000002,11,0.9373134719144779,0.3669730336042755
2019,-0.035,1.3,11,0.9462836288922248,0.3782200388307469
2019,-0.035,1.4000000000000001,11,0.957323822095606,0.3832371513084023
2019,-0.035,1.5,11,0.958192380289005,0.3961644639424589
2019,-0.035,1.6,11,0.970385063140785,0.42828149128130516
2019,-0.035,1.7000000000000002,11,0.970385063140785,0.4413751054220244
2019,-0.035,1.8,11,0.9806721444804978,0.4760065369883456
2019,-0.035,1.9000000000000001,11,0.987918521292092,0.5041277858776397
2019,-0.035,2.0,11,0.987918521292092,0.5406907218918873
2019,-0.035,2.1,11,0.987918521292092,0.5602116571758118
2019,-0.035,2.2,11,0.9991070657758311,0.6037138849844107
2019,-0.035,2.3000000000000003,11,1.010086424581277,0.6733134594804663
2019,-0.035,2.4000000000000004,11,1.0108166180825549,0.6622369161115088
2019,-0.035,2.5,11,1.0160264434566442,0.6758200025778651
2019,-0.035,2.6,11,1.0279881659446823,0.727676137290005
2019,-0.035,2.7,11,1.0398458734545637,0.7705198461976036
2019,-0.035,2.8000000000000003,11,1.0398458734545637,0.7925665278122362
2019,-0.035,2.9000000000000004,11,1.0398458734545637,0.7905637606671803
2019,-0.035,3.0,11,1.1793145814354205,0.7284259233234256
2019,-0.035,3.1,11,1.1942465094108266,0.7087802469246275
2019,-0.035,3.2,11,1.1942465094108266,0.7141295155529975
2019,-0.035,3.3000000000000003,11,1.2841986625208746,0.7040136741714593
2019,-0.035,3.4000000000000004,11,1.2841986625208746,0.7166366106383119
2019,-0.035,3.5,11,1.2841986625208746,0.7090434829361186
2019,-0.035,3.6,11,1.2841986625208746,0.7250906937349639
2019,-0.035,3.7,11,1.2915224202047064,0.7108548709467223
2019,-0.035,3.8000000000000003,11,1.2994256001640705,0.6970268004562823
2019,-0.035,3.9000000000000004,11,1.3027031575213242,0.7112486218612939
2019,-0.035,4.0,11,1.3032206665777324,0.7441333810369625
2019,-0.035,4.1000000000000005,11,1.3261635680785089,0.7598391554656253
2019,-0.035,4.2,11,1.3261635680785089,0.8033218319523908
2019,-0.035,4.3,11,1.3261635680785089,0.8185804561838769
2019,-0.035,4.4,11,1.3361687431690727,0.832648262592268
2019,-0.035,4.5,11,1.3875777192592755,0.8475798903548495
2019,-0.035,4.6000000000000005,11,1.3879733447714693,0.8715467664739069
2019,-0.035,4.7,11,1.3879733447714693,0.8930569777155397
2019,-0.035,4.800000000000001,11,1.3915339743812127,0.9099841559719245
2019,-0.035,4.9,11,1.3992516210968533,0.9599541234237802
2019,-0.035,5.0,11,1.3992516210968533,1.0078638874984565
2019,-0.035,5.1000000000000005,11,1.4207584597664216,1.0515191226720075
2019,-0.035,5.2,11,1.4207584597664216,1.0626000997534435
2019,-0.035,5.300000000000001,11,1.4240879328411176,1.02056220407335
2019,-0.035,5.4,11,1.4240879328411176,1.0486024091599486
2019,-0.035,5.5,11,1.4240879328411176,1.059851622085432
2019,-0.035,5.6000000000000005,11,1.4247661480048783,1.0589045982075715
2019,-0.035,5.7,11,1.4322830327365592,1.0721375863298441
2019,-0.035,5.800000000000001,11,1.4322830327365592,1.0661143989293271
2019,-0.035,5.9,11,1.4322830327365592,1.0733783207488081
2019,-0.035,6.0,11,1.4322830327365592,1.0788726250122815
2019,-0.04,0.0,11,0.7465039335568431,0.07064864733361284
2019,-0.04,0.1,11,0.786547311527108,0.10955611966781906
2019,-0.04,0.2,11,0.8026695328359092,0.11708890958457382
2019,-0.04,0.30000000000000004,11,0.8333734564582262,0.15630740619875938
2019,-0.04,0.4,11,0.8447272208300024,0.19339912319273214
2019,-0.04,0.5,11,0.8551241097451023,0.2712898381867524
2019,-0.04,0.6000000000000001,11,0.8764831198914163,0.2724984538127613
2019,-0.04,0.7000000000000001,11,0.8764831198914163,0.3033226322260995
2019,-0.04,0.8,11,0.8764831198914163,0.3120337063045774
2019,-0.04,0.9,11,0.8770200402293935,0.3337507653034608
2019,-0.04,1.0,11,0.9046106638366607,0.3519318325647088
2019,-0.04,1.1,11,0.9073800424220168,0.35667591571774476
2019,-0.04,1.2000000000000002,11,0.9110920478546017,0.36874177208044184
2019,-0.04,1.3,11,0.9121211675116935,0.36819971283478287
2019,-0.04,1.4000000000000001,11,0.9462836288922248,0.3522286229654466
2019,-0.04,1.5,11,0.9471521870856239,0.37309811123264003
2019,-0.04,1.6,11,0.9609428145681016,0.378836985012078
2019,-0.04,1.7000000000000002,11,0.970385063140785,0.421207358903734
2019,-0.04,1.8,11,0.970385063140785,0.42995613242963043
2019,-0.04,1.9000000000000001,11,0.9806721444804978,0.4617698297164823
2019,-0.04,2.0,11,0.9806721444804978,0.47774711824825994
2019,-0.04,2.1,11,0.987918521292092,0.541015917004916
2019,-0.04,2.2,11,0.987918521292092,0.5403457158542816
2019,-0.04,2.3000000000000003,11,0.9991070657758311,0.5896351590828488
2019,-0.04,2.4000000000000004,11,0.9991070657758311,0.6326044765143712
2019,-0.04,2.5,11,1.010086424581277,0.6645891369629204
2019,-0.04,2.6,11,1.0136749413276882,0.683499106008406
2019,-0.04,2.7,11,1.0263668573170044,0.7017284024560061
2019,-0.04,2.8000000000000003,11,1.0263668573170044,0.7161009799621576
2019,-0.04,2.9000000000000004,11,1.0398458734545637,0.7714555547274901
2019,-0.04,3.0,11,1.0398458734545637,0.7861591463566399
2019,-0.04,3.1,11,1.098763070906793,0.7944130964010925
2019,-0.04,3.2,11,1.1793145814354205,0.7703096755048328
2019,-0.04,3.3000000000000003,11,1.1942465094108266,0.7857306456973766
2019,-0.04,3.4000000000000004,11,1.1942465094108266,0.7200847499505838
2019,-0.04,3.5,11,1.2841986625208746,0.6796846149517715
2019,-0.04,3.6,11,1.2841986625208746,0.6958400721732121
2019,-0.04,3.7,11,1.2841986625208746,0.7095615485166822
2019,-0.04,3.8000000000000003,11,1.2841986625208746,0.7375094869623683
2019,-0.04,3.9000000000000004,11,1.2841986625208746,0.7219606071976484
2019,-0.04,4.0,11,1.2841986625208746,0.7545386933329745
2019,-0.04,4.1000000000000005,11,1.2841986625208746,0.7064992004784818
2019,-0.04,4.2,11,1.2942824685055514,0.7244157793571553
2019,-0.04,4.3,11,1.3027031575213242,0.7394596612428782
2019,-0.04,4.4,11,1.3032206665777324,0.750981232013103
2019,-0.04,4.5,11,1.303738175634141,0.8088176393032733
2019,-0.04,4.6000000000000005,11,1.3261635680785089,0.8293919357416732
2019,-0.04,4.7,11,1.3261635680785089,0.8415629262994758
2019,-0.04,4.800000000000001,11,1.3261635680785089,0.8486495845118831
2019,-0.04,4.9,11,1.3271985861913258,0.8618095181511382
2019,-0.04,5.0,11,1.3363412461878759,0.8718233155012072
2019,-0.04,5.1000000000000005,11,1.3875777192592755,0.8776263503784264
2019,-0.04,5.2,11,1.3879733447714693,0.9176047898599723
2019,-0.04,5.300000000000001,11,1.3879733447714693,0.9660328885379728
2019,-0.04,5.4,11,1.3915339743812127,0.9751452113507355
2019,-0.04,5.5,11,1.3960866169993038,0.9813830570497308
2019,-0.04,5.6000000000000005,11,1.4025810941715493,0.9325343695390885
2019,-0.04,5.7,11,1.4025810941715493,1.0047116847339443
2019,-0.04,5.800000000000001,11,1.4184061146592994,1.0323585265111506
2019,-0.04,5.9,11,1.4240879328411176,1.0755057632631873
2019,-0.04,6.0,11,1.4240879328411176,1.0813552915723386
2019,-0.045,0.0,11,0.7465039335568431,0.07064864733361284
2019,-0.045,0.1,11,0.753550049618982,0.1117344569506792
2019,-0.045,0.2,11,0.8026695328359092,0.11708890958457382
2019,-0.045,0.30000000000000004,11,0.8103277123933738,0.15549675188492035
2019,-0.045,0.4,11,0.8362794735626071,0.18155338330194878
2019,-0.045,0.5,11,0.8490397963000732,0.28365468055839776
2019,-0.045,0.6000000000000001,11,0.8764831198914163,0.2748262723083473
2019,-0.045,0.7000000000000001,11,0.8764831198914163,0.2949542798617628
2019,-0.045,0.8,11,0.8764831198914163,0.3116559651114467
2019,-0.045,0.9,11,0.8770200402293935,0.33229276868023694
2019,-0.045,1.0,11,0.8770200402293935,0.3502971580850315
2019,-0.045,1.1,11,0.9073800424220168,0.3471417774083468
2019,-0.045,1.2000000000000002,11,0.9073800424220168,0.35985438755910404
2019,-0.045,1.3,11,0.9075525454408196,0.36500740613842547
2019,-0.045,1.4000000000000001,11,0.9117820599298131,0.35269062369753557
2019,-0.045,1.5,11,0.9381820301078768,0.35177754430217223
2019,-0.045,1.6,11,0.9471521870856239,0.35881705735828473
2019,-0.045,1.7000000000000002,11,0.9540426938159885,0.36423831821248326
2019,-0.045,1.8,11,0.970385063140785,0.4073726228369636
2019,-0.045,1.9000000000000001,11,0.970385063140785,0.4225924806542597
2019,-0.045,2.0,11,0.9806721444804978,0.4612244569419392
2019,-0.045,2.1,11,0.9806721444804978,0.4851008293368995
2019,-0.045,2.2,11,0.987918521292092,0.5303209405417982
2019,-0.045,2.3000000000000003,11,0.987918521292092,0.5451559894561838
2019,-0.045,2.4000000000000004,11,0.9958132581341974,0.565371030320123
2019,-0.045,2.5,11,0.9991070657758311,0.6205372394080397
2019,-0.045,2.6,11,1.010086424581277,0.6694702582997516
2019,-0.045,2.7,11,1.0136749413276882,0.6707878724379716
2019,-0.045,2.8000000000000003,11,1.0256366638157266,0.7042907067403915
2019,-0.045,2.9000000000000004,11,1.0256366638157266,0.7087332852700822
2019,-0.045,3.0,11,1.0382245648268857,0.7459882507611517
2019,-0.045,3.1,11,1.0382245648268857,0.7566938936738247
2019,-0.045,3.2,11,1.0398458734545637,0.7708394012910289
2019,-0.045,3.3000000000000003,11,1.177557884026549,0.7675346921776303
2019,-0.045,3.4000000000000004,11,1.1942465094108266,0.7841894619247352
2019,-0.045,3.5,11,1.1942465094108266,0.780352628492844
2019,-0.045,3.6,11,1.2660168443390563,0.7548730270251615
2019,-0.045,3.7,11,1.2841986625208746,0.6918602070510862
2019,-0.045,3.8000000000000003,11,1.2841986625208746,0.6911561043295925
2019,-0.045,3.9000000000000004,11,1.2841986625208746,0.6818511730643257
2019,-0.045,4.0,11,1.2841986625208746,0.715405276727662
2019,-0.045,4.1000000000000005,11,1.2841986625208746,0.7374192501844679
2019,-0.045,4.2,11,1.2841986625208746,0.7163675945519622
2019,-0.045,4.3,11,1.2841986625208746,0.7332076903640634
2019,-0.045,4.4,11,1.2841986625208746,0.7538225688466101
2019,-0.045,4.5,11,1.2841986625208746,0.7696497133785253
2019,-0.045,4.6000000000000005,11,1.2869587108217198,0.7480104336716267
2019,-0.045,4.7,11,1.2942824685055514,0.7600781424968927
2019,-0.045,4.800000000000001,11,1.2975600258628055,0.814576319220393
2019,-0.045,4.9,11,1.3032206665777324,0.8168732778633175
2019,-0.045,5.0,11,1.318745938269987,0.8334252340327282
2019,-0.045,5.1000000000000005,11,1.3261635680785089,0.8533347159059068
2019,-0.045,5.2,11,1.3261635680785089,0.8659588479887841
2019,-0.045,5.300000000000001,11,1.3261635680785089,0.8775375110761986
2019,-0.045,5.4,11,1.3261635680785089,0.863607473056177
2019,-0.045,5.5,11,1.3361687431690727,0.9075225354995976
2019,-0.045,5.6000000000000005,11,1.3375487673194955,0.937416340502756
2019,-0.045,5.7,11,1.3375487673194955,0.9494776661488963
2019,-0.045,5.800000000000001,11,1.3879733447714693,0.9614113239304992
2019,-0.045,5.9,11,1.3879733447714693,0.9793462094778443
2019,-0.045,6.0,11,1.3948634474559087,0.9661847726373595
2019,-0.05,0.0,11,0.7465039335568431,0.07064864733361284
2019,-0.05,0.1,11,0.753550049618982,0.1117344569506792
2019,-0.05,0.2,11,0.8026695328359092,0.11829643071619364
2019,-0.05,0.30000000000000004,11,0.8046194014317213,0.14362913027240454
2019,-0.05,0.4,11,0.8357629446369873,0.18310297007880827
2019,-0.05,0.5,11,0.8490397963000732,0.19668788793889005
2019,-0.05,0.6000000000000001,11,0.8551241097451023,0.2776578662939109
2019,-0.05,0.7000000000000001,11,0.8764831198914163,0.2726709568315641
2019,-0.05,0.8,11,0.8764831198914163,0.30316991753206124
2019,-0.05,0.9,11,0.8764831198914163,0.3297436267628369
2019,-0.05,1.0,11,0.8770200402293935,0.3483226325361877
2019,-0.05,1.1,11,0.8925624710655764,0.3530665366703877
2019,-0.05,1.2000000000000002,11,0.9073800424220168,0.3439646976866446
2019,-0.05,1.3,11,0.9073800424220168,0.35812935737107576
2019,-0.05,1.4000000000000001,11,0.9075525454408196,0.36500740613842547
2019,-0.05,1.5,11,0.9110920478546017,0.34786347956342234
2019,-0.05,1.6,11,0.9192066980395656,0.3474372073968105
2019,-0.05,1.7000000000000002,11,0.9409324643869734,0.34644133919086006
2019,-0.05,1.8,11,0.9499026213647206,0.37087141487306746
2019,-0.05,1.9000000000000001,11,0.9609428145681016,0.3767473024648707
2019,-0.05,2.0,11,0.970385063140785,0.4109336849045549
2019,-0.05,2.1,11,0.970385063140785,0.44082250420809693
2019,-0.05,2.2,11,0.9806721444804978,0.48006295775785746
2019,-0.05,2.3000000000000003,11,0.987918521292092,0.5217510847514569
2019,-0.05,2.4000000000000004,11,0.987918521292092,0.527996560376509
2019,-0.05,2.5,11,0.9958132581341974,0.568462300979056
2019,-0.05,2.6,11,0.9991070657758311,0.6012436180160976
2019,-0.05,2.7,11,1.010086424581277,0.6533695029607473
2019,-0.05,2.8000000000000003,11,1.0136749413276882,0.6589020274912261
2019,-0.05,2.9000000000000004,11,1.0136749413276882,0.6774040352987437
2019,-0.05,3.0,11,1.0256366638157266,0.7110844012527706
2019,-0.05,3.1,11,1.0256366638157266,0.7158266885807765
2019,-0.05,3.2,11,1.037494371325608,0.7483913862957586
2019,-0.05,3.3000000000000003,11,1.037494371325608,0.7472660893883879
2019,-0.05,3.4000000000000004,11,1.1007958018366075,0.7616344337512472
2019,-0.05,3.5,11,1.177557884026549,0.7526430306219364
2019,-0.05,3.6,11,1.1942465094108266,0.760866934568305
2019,-0.05,3.7,11,1.1942465094108266,0.7896923774365896
2019,-0.05,3.8000000000000003,11,1.2660168443390563,0.7586108613252093
2019,-0.05,3.9000000000000004,11,1.2841986625208746,0.7493421935964286
2019,-0.05,4.0,11,1.2841986625208746,0.7068663566520768
2019,-0.05,4.1000000000000005,11,1.2841986625208746,0.6909107624953675
2019,-0.05,4.2,11,1.2841986625208746,0.6710815325901409
2019,-0.05,4.3,11,1.2841986625208746,0.7120310240336795
2019,-0.05,4.4,11,1.2841986625208746,0.6940744409351579
2019,-0.05,4.5,11,1.2841986625208746,0.7380592985243155
2019,-0.05,4.6000000000000005,11,1.2841986625208746,0.7610395594221008
2019,-0.05,4.7,11,1.2841986625208746,0.740243011730595
2019,-0.05,4.800000000000001,11,1.2841986625208746,0.7894878539736344
2019,-0.05,4.9,11,1.2841986625208746,0.784433651410582
2019,-0.05,5.0,11,1.2841986625208746,0.7539734337500916
2019,-0.05,5.1000000000000005,11,1.2897187591225652,0.8267290240404722
2019,-0.05,5.2,11,1.2975600258628055,0.8382023554355092
2019,-0.05,5.300000000000001,11,1.2980775349192137,0.8293843921816496
2019,-0.05,5.4,11,1.3032206665777324,0.8614762873456141
2019,-0.05,5.5,11,1.318745938269987,0.8608979232917722
2019,-0.05,5.6000000000000005,11,1.3261635680785089,0.8741715370125476
2019,-0.05,5.7,11,1.3261635680785089,0.8735200997461926
2019,-0.05,5.800000000000001,11,1.3261635680785089,0.9217223695970526
2019,-0.05,5.9,11,1.3261635680785089,0.9394564050677161
2019,-0.05,6.0,11,1.3361687431690727,0.9236923249517456
2019,-0.055,0.0,11,0.7465039335568431,0.07064864733361284
2019,-0.055,0.1,11,0.753550049618982,0.1117344569506792
2019,-0.055,0.2,11,0.8026695328359092,0.11318507620724877
2019,-0.055,0.30000000000000004,11,0.8046194014317213,0.14764519452943264
2019,-0.055,0.4,11,0.8347298867857476,0.1785388084532299
2019,-0.055,0.5,11,0.8421445762019033,0.1866842471596743
2019,-0.055,0.6000000000000001,11,0.8492658680213268,0.2829118428108804
2019,-0.055,0.7000000000000001,11,0.8733839463376973,0.2741362602331359
2019,-0.055,0.8,11,0.8764831198914163,0.29788157564897233
2019,-0.055,0.9,11,0.8764831198914163,0.3129338037386829
2019,-0.055,1.0,11,0.8764831198914163,0.34469499363607453
2019,-0.055,1.1,11,0.8770200402293935,0.3516289314595212
2019,-0.055,1.2000000000000002,11,0.8925624710655764,0.3705306515029236
2019,-0.055,1.3,11,0.8953318496509325,0.3535127714044407
2019,-0.055,1.4000000000000001,11,0.9073800424220168,0.35812935737107576
2019,-0.055,1.5,11,0.9073800424220168,0.3447589976644829
2019,-0.055,1.6,11,0.9119606060480009,0.3484425183590216
2019,-0.055,1.7000000000000002,11,0.9129897257050924,0.3524876946070597
2019,-0.055,1.8,11,0.9224746413750707,0.33595379868900416
2019,-0.055,1.9000000000000001,11,0.9499026213647206,0.3616896896636555
2019,-0.055,2.0,11,0.9499026213647206,0.3755177983998483
2019,-0.055,2.1,11,0.970385063140785,0.40272013892939024
2019,-0.055,2.2,11,0.970385063140785,0.43994282338629437
2019,-0.055,2.3000000000000003,11,0.9806721444804978,0.4725099006332769
2019,-0.055,2.4000000000000004,11,0.987918521292092,0.5146431769467811
2019,-0.055,2.5,11,0.987918521292092,0.5217510847514569
2019,-0.055,2.6,11,0.987918521292092,0.5285755991721084
2019,-0.055,2.7,11,0.9991070657758311,0.5975780070367448
2019,-0.055,2.8000000000000003,11,0.9991070657758311,0.6035640752907666
2019,-0.055,2.9000000000000004,11,1.010086424581277,0.6533695029607473
2019,-0.055,3.0,11,1.0136749413276882,0.6591015561617157
2019,-0.055,3.1,11,1.0256366638157266,0.7202822286108533
2019,-0.055,3.2,11,1.0256366638157266,0.708476833298903
2019,-0.055,3.3000000000000003,11,1.037494371325608,0.7573306545511552
2019,-0.055,3.4000000000000004,11,1.037494371325608,0.7350947977652268
2019,-0.055,3.5,11,1.0871469480482483,0.7201073151266265
2019,-0.055,3.6,11,1.1752063818975933,0.7365034149044593
2019,-0.055,3.7,11,1.175936575398871,0.7252416261149534
2019,-0.055,3.8000000000000003,11,1.1926252007831486,0.7577791327117908
2019,-0.055,3.9000000000000004,11,1.2660168443390563,0.7426495329791885
2019,-0.055,4.0,11,1.2660168443390563,0.758231952301683
2019,-0.055,4.1000000000000005,11,1.2841986625208746,0.7523698423956448
2019,-0.055,4.2,11,1.2841986625208746,0.7482632390148336
2019,-0.055,4.3,11,1.2841986625208746,0.7681281986881957
2019,-0.055,4.4,11,1.2841986625208746,0.6916948041290669
2019,-0.055,4.5,11,1.2841986625208746,0.7081798842099702
2019,-0.055,4.6000000000000005,11,1.2841986625208746,0.7096398757309064
2019,-0.055,4.7,11,1.2841986625208746,0.6984585760567245
2019,-0.055,4.800000000000001,11,1.2841986625208746,0.7384315358372407
2019,-0.055,4.9,11,1.2841986625208746,0.7583942267539805
2019,-0.055,5.0,11,1.2841986625208746,0.7352825150363707
2019,-0.055,5.1000000000000005,11,1.2841986625208746,0.7717685182876363
2019,-0.055,5.2,11,1.2841986625208746,0.794530986651371
2019,-0.055,5.300000000000001,11,1.2841986625208746,0.7976449643451466
2019,-0.055,5.4,11,1.2841986625208746,0.8466179932826056
2019,-0.055,5.5,11,1.2869587108217198,0.8204282758080507
2019,-0.055,5.6000000000000005,11,1.2897187591225652,0.8421752482967648
2019,-0.055,5.7,11,1.2975600258628055,0.8808872361928521
2019,-0.055,5.800000000000001,11,1.2980775349192137,0.8562780426450942
2019,-0.055,5.9,11,1.3032206665777324,0.8731874265010758
2019,-0.055,6.0,11,1.318745938269987,0.8724157359674686
2019,-0.06,0.0,11,0.7465039335568431,0.07064864733361284
2019,-0.06,0.1,11,0.753550049618982,0.1117344569506792
2019,-0.06,0.2,11,0.8026695328359092,0.11318507620724877
2019,-0.06,0.30000000000000004,11,0.8046194014317213,0.1395375526456997
2019,-0.06,0.4,11,0.8103277123933738,0.18205177580836532
2019,-0.06,0.5,11,0.8357629446369873,0.18857883997413946
2019,-0.06,0.6000000000000001,11,0.8490397963000732,0.28362343001151324
2019,-0.06,0.7000000000000001,11,0.8528815705006655,0.2781512989264952
2019,-0.06,0.8,11,0.8764831198914163,0.2954496854533341
2019,-0.06,0.9,11,0.8764831198914163,0.301892078904825
2019,-0.06,1.0,11,0.8764831198914163,0.3490593613745381
2019,-0.06,1.1,11,0.8770200402293935,0.34650129760970494
2019,-0.06,1.2000000000000002,11,0.8770200402293935,0.3516289314595212
2019,-0.06,1.3,11,0.8925624710655764,0.3498894569486855
2019,-0.06,1.4000000000000001,11,0.8953318496509325,0.3535127714044407
2019,-0.06,1.5,11,0.9073800424220168,0.3356413190935638
2019,-0.06,1.6,11,0.9082486006154159,0.3418394537086174
2019,-0.06,1.7000000000000002,11,0.9098905698223668,0.3445446053626201
2019,-0.06,1.8,11,0.9150501479089779,0.32957767450638115
2019,-0.06,1.9000000000000001,11,0.9219571323186622,0.34756329805168196
2019,-0.06,2.0,11,0.9409324643869734,0.363242216832881
2019,-0.06,2.1,11,0.9499026213647206,0.3733271066586941
2019,-0.06,2.2,11,0.9634849423886717,0.3887700440255477
2019,-0.06,2.3000000000000003,11,0.970385063140785,0.42269027398335446
2019,-0.06,2.4000000000000004,11,0.9806721444804978,0.4654357682557059
2019,-0.06,2.5,11,0.987918521292092,0.4990789933252765
2019,-0.06,2.6,11,0.987918521292092,0.5062931743147866
2019,-0.06,2.7,11,0.987918521292092,0.521341059766572
2019,-0.06,2.8000000000000003,11,0.9991070657758311,0.5923269563365393
2019,-0.06,2.9000000000000004,11,0.9991070657758311,0.5977505100555476
2019,-0.06,3.0,11,1.010086424581277,0.6371609132354307
2019,-0.06,3.1,11,1.0136749413276882,0.6486777748020109
2019,-0.06,3.2,11,1.0136749413276882,0.655240658121376
2019,-0.06,3.3000000000000003,11,1.0256366638157266,0.719592216535642
2019,-0.06,3.4000000000000004,11,1.037494371325608,0.75995892622825
2019,-0.06,3.5,11,1.037494371325608,0.7498936831222099
2019,-0.06,3.6,11,1.0379286504223075,0.7352942803868132
2019,-0.06,3.7,11,1.1000656083353297,0.7451455542292524
2019,-0.06,3.8000000000000003,11,1.1752063818975933,0.7324333327913379
2019,-0.06,3.9000000000000004,11,1.1752063818975933,0.7328662400543241
2019,-0.06,4.0,11,1.1926252007831486,0.7307979877768591
2019,-0.06,4.1000000000000005,11,1.2643955357113783,0.7329937767840193
2019,-0.06,4.2,11,1.2660168443390563,0.7399672789355969
2019,-0.06,4.3,11,1.2841986625208746,0.748970577899438
2019,-0.06,4.4,11,1.2841986625208746,0.7525196592983658
2019,-0.06,4.5,11,1.2841986625208746,0.7631069364773763
2019,-0.06,4.6000000000000005,11,1.2841986625208746,0.7521502831987875
2019,-0.06,4.7,11,1.2841986625208746,0.688298673765494
2019,-0.06,4.800000000000001,11,1.2841986625208746,0.7075865438537567
2019,-0.06,4.9,11,1.2841986625208746,0.6868341724933488
2019,-0.06,5.0,11,1.2841986625208746,0.7198060395729561
2019,-0.06,5.1000000000000005,11,1.2841986625208746,0.7443681981280328
2019,-0.06,5.2,11,1.2841986625208746,0.7625933686815245
2019,-0.06,5.300000000000001,11,1.2841986625208746,0.766032690841115
2019,-0.06,5.4,11,1.2841986625208746,0.7657902398347212
2019,-0.06,5.5,11,1.2841986625208746,0.7737040814267395
2019,-0.06,5.6000000000000005,11,1.2841986625208746,0.7934798964475931
2019,-0.06,5.7,11,1.2841986625208746,0.8593458225676092
2019,-0.06,5.800000000000001,11,1.2841986625208746,0.8652012988592394
2019,-0.06,5.9,11,1.2869587108217198,0.8531972457053982
2019,-0.06,6.0,11,1.2897187591225652,0.8670831432376128
2019,-0.065,0.0,11,0.7465039335568431,0.07064864733361284
2019,-0.065,0.1,11,0.753550049618982,0.1117344569506792
2019,-0.065,0.2,11,0.8026695328359092,0.11318507620724877
2019,-0.065,0.30000000000000004,11,0.8046194014317213,0.14324340093753526
2019,-0.065,0.4,11,0.8103277123933738,0.18205177580836532
2019,-0.065,0.5,11,0.8357629446369873,0.18730100134690322
2019,-0.065,0.6000000000000001,11,0.8421445762019033,0.2769085539784554
2019,-0.065,0.7000000000000001,11,0.8492658680213268,0.2886211093897122
2019,-0.065,0.8,11,0.8685538618112182,0.2961095614589955
2019,-0.065,0.9,11,0.8764831198914163,0.29805407866777517
2019,-0.065,1.0,11,0.8764831198914163,0.32198777268472933
2019,-0.065,1.1,11,0.8764831198914163,0.34778152274730184
2019,-0.065,1.2000000000000002,11,0.8770200402293935,0.34650129760970494
2019,-0.065,1.3,11,0.8770200402293935,0.348451851737819
2019,-0.065,1.4000000000000001,11,0.8925624710655764,0.35779459528860647
2019,-0.065,1.5,11,0.8953318496509325,0.33009218727675776
2019,-0.065,1.6,11,0.9073800424220168,0.3322920367969131
2019,-0.065,1.7000000000000002,11,0.9082486006154159,0.3401144235205891
2019,-0.065,1.8,11,0.9098905698223668,0.3511322206458876
2019,-0.065,1.9000000000000001,11,0.9150501479089779,0.33261762818327745
2019,-0.065,2.0,11,0.9219571323186622,0.34090771683169774
2019,-0.065,2.1,11,0.9224746413750707,0.35275467633102503
2019,-0.065,2.2,11,0.9499026213647206,0.36333369313759384
2019,-0.065,2.3000000000000003,11,0.959344869937404,0.38852473129101645
2019,-0.065,2.4000000000000004,11,0.9634849423886717,0.41434004972943
2019,-0.065,2.5,11,0.9806721444804978,0.4590531565600012
2019,-0.065,2.6,11,0.9806721444804978,0.46738563685151785
2019,-0.065,2.7,11,0.987918521292092,0.5127168114849305
2019,-0.065,2.8000000000000003,11,0.987918521292092,0.5114133568137034
2019,-0.065,2.9000000000000004,11,0.9958132581341974,0.5765229399882611
2019,-0.065,3.0,11,0.9991070657758311,0.5874968718100602
2019,-0.065,3.1,11,1.010086424581277,0.6284927147107958
2019,-0.065,3.2,11,1.0136749413276882,0.6445771811780143
2019,-0.065,3.3000000000000003,11,1.0136749413276882,0.6486777748020109
2019,-0.065,3.4000000000000004,11,1.0256366638157266,0.70108229971813
2019,-0.065,3.5,11,1.0256366638157266,0.717971606859598
2019,-0.065,3.6,11,1.037494371325608,0.7592689141530387
2019,-0.065,3.7,11,1.037494371325608,0.7531712404794636
2019,-0.065,3.8000000000000003,11,1.0871469480482483,0.7252464062863914
2019,-0.065,3.9000000000000004,11,1.1752063818975933,0.7266126470006625
2019,-0.065,4.0,11,1.1752063818975933,0.7377070016014042
2019,-0.065,4.1000000000000005,11,1.1752063818975933,0.7337096742582351
2019,-0.065,4.2,11,1.1918950072818708,0.7347686823355564
2019,-0.065,4.3,11,1.2636653422101005,0.7013842747612108
2019,-0.065,4.4,11,1.2643955357113783,0.7333713126552067
2019,-0.065,4.5,11,1.2841986625208746,0.731569954457061
2019,-0.065,4.6000000000000005,11,1.2841986625208746,0.7350038446331566
2019,-0.065,4.7,11,1.2841986625208746,0.747420525589283
2019,-0.065,4.800000000000001,11,1.2841986625208746,0.7565749815901582
2019,-0.065,4.9,11,1.2841986625208746,0.7364016356105931
2019,-0.065,5.0,11,1.2841986625208746,0.7272970473255981
2019,-0.065,5.1000000000000005,11,1.2841986625208746,0.693251008512746
2019,-0.065,5.2,11,1.2841986625208746,0.6857954021584586
2019,-0.065,5.300000000000001,11,1.2841986625208746,0.72895585992019
2019,-0.065,5.4,11,1.2841986625208746,0.7401409678026212
2019,-0.065,5.5,11,1.2841986625208746,0.749087364312167
2019,-0.065,5.6000000000000005,11,1.2841986625208746,0.7986314766363787
2019,-0.065,5.7,11,1.2841986625208746,0.787430346804927
2019,-0.065,5.800000000000001,11,1.2841986625208746,0.7735715981422494
2019,-0.065,5.9,11,1.2841986625208746,0.7835425529588459
2019,-0.065,6.0,11,1.2841986625208746,0.858465453523671
2019,-0.07,0.0,11,0.7465039335568431,0.07064864733361284
2019,-0.07,0.1,11,0.753550049618982,0.1117344569506792
2019,-0.07,0.2,11,0.8026695328359092,0.11318507620724877
2019,-0.07,0.30000000000000004,11,0.8046194014317213,0.14324340093753526
2019,-0.07,0.4,11,0.8103277123933738,0.18205177580836532
2019,-0.07,0.5,11,0.8347298867857476,0.18172588632075162
2019,-0.07,0.6000000000000001,11,0.8421445762019033,0.18734300868800108
2019,-0.07,0.7000000000000001,11,0.8490397963000732,0.289332696590345
2019,-0.07,0.8,11,0.8528815705006655,0.29731432506892647
2019,-0.07,0.9,11,0.8764831198914163,0.299519382069347
2019,-0.07,1.0,11,0.8764831198914163,0.3216226759340904
2019,-0.07,1.1,11,0.8764831198914163,0.3426865509867199
2019,-0.07,1.2000000000000002,11,0.8764831198914163,0.3451534389877291
2019,-0.07,1.3,11,0.8770200402293935,0.3433242178880028
2019,-0.07,1.4000000000000001,11,0.8770200402293935,0.35228536761952767
2019,-0.07,1.5,11,0.8925624710655764,0.35779459528860647
2019,-0.07,1.6,11,0.8953318496509325,0.33246531615591074
2019,-0.07,1.7000000000000002,11,0.9082486006154159,0.3448327980805507
2019,-0.07,1.8,11,0.9082486006154159,0.3385648367437296
2019,-0.07,1.9000000000000001,11,0.9124685010826606,0.3367515669143836
2019,-0.07,2.0,11,0.9126410041014634,0.3334658709034046
2019,-0.07,2.1,11,0.9189216261354453,0.3386113557021291
2019,-0.07,2.2,11,0.9219571323186622,0.35344468840623633
2019,-0.07,2.3000000000000003,11,0.9409324643869734,0.36488622030681933
2019,-0.07,2.4000000000000004,11,0.959344869937404,0.3820168042223113
2019,-0.07,2.5,11,0.959344869937404,0.3904757368118723
2019,-0.07,2.6,11,0.9806721444804978,0.43785238756979744
2019,-0.07,2.7,11,0.9806721444804978,0.4590531565600012
2019,-0.07,2.8000000000000003,11,0.987918521292092,0.5008511788902792
2019,-0.07,2.9000000000000004,11,0.987918521292092,0.5132338104095728
2019,-0.07,3.0,11,0.9958132581341974,0.534285389239876
2019,-0.07,3.1,11,0.9991070657758311,0.5833301424476374
2019,-0.07,3.2,11,0.9991070657758311,0.5846422385206442
2019,-0.07,3.3000000000000003,11,1.010086424581277,0.6284927147107958
2019,-0.07,3.4000000000000004,11,1.0136749413276882,0.6487172536292823
2019,-0.07,3.5,11,1.0256366638157266,0.6941493941808948
2019,-0.07,3.6,11,1.0256366638157266,0.7183087038872092
2019,-0.07,3.7,11,1.037494371325608,0.7425987007801701
2019,-0.07,3.8000000000000003,11,1.037494371325608,0.7592689141530387
2019,-0.07,3.9000000000000004,11,1.0379286504223075,0.7472200727250651
2019,-0.07,4.0,11,1.1000656083353297,0.759209086266408
2019,-0.07,4.1000000000000005,11,1.1752063818975933,0.7266026356647498
2019,-0.07,4.2,11,1.1752063818975933,0.727696833863945
2019,-0.07,4.3,11,1.1752063818975933,0.7250324057698072
2019,-0.07,4.4,11,1.2636653422101005,0.7201382722710481
2019,-0.07,4.5,11,1.2636653422101005,0.7052955338952352
2019,-0.07,4.6000000000000005,11,1.2636653422101005,0.7006518893134314
2019,-0.07,4.7,11,1.2825773538931964,0.7285573478236057
2019,-0.07,4.800000000000001,11,1.2825773538931964,0.7281627138599109
2019,-0.07,4.9,11,1.2841986625208746,0.7358936770304951
2019,-0.07,5.0,11,1.2841986625208746,0.7579323598879018
2019,-0.07,5.1000000000000005,11,1.2841986625208746,0.7512767766104247
2019,-0.07,5.2,11,1.2841986625208746,0.7677608789804924
2019,-0.07,5.300000000000001,11,1.2841986625208746,0.784779041417669
2019,-0.07,5.4,11,1.2841986625208746,0.696046501720578
2019,-0.07,5.5,11,1.2841986625208746,0.6897859843487999
2019,-0.07,5.6000000000000005,11,1.2841986625208746,0.7256411022374593
2019,-0.07,5.7,11,1.2841986625208746,0.7396502963734185
2019,-0.07,5.800000000000001,11,1.2841986625208746,0.7413260661932131
2019,-0.07,5.9,11,1.2841986625208746,0.7827104300037818
2019,-0.07,6.0,11,1.2841986625208746,0.7986314766363787
2019,-0.075,0.0,11,0.7465039335568431,0.07064864733361284
2019,-0.075,0.1,11,0.753550049618982,0.1117344569506792
2019,-0.075,0.2,11,0.8026695328359092,0.11318507620724877
2019,-0.075,0.30000000000000004,11,0.8026695328359092,0.1426706072642832
2019,-0.075,0.4,11,0.8046194014317213,0.17698786004414135
2019,-0.075,0.5,11,0.8116841427208953,0.17772815413939083
2019,-0.075,0.6000000000000001,11,0.8357629446369873,0.1892376015024662
2019,-0.075,0.7000000000000001,11,0.8490397963000732,0.289332696590345
2019,-0.075,0.8,11,0.8492658680213268,0.3077841355321434
2019,-0.075,0.9,11,0.8685538618112182,0.3023296571527754
2019,-0.075,1.0,11,0.8764831198914163,0.3217654749270183
2019,-0.075,1.1,11,0.8764831198914163,0.3380176365406801
2019,-0.075,1.2000000000000002,11,0.8764831198914163,0.3426865509867199
2019,-0.075,1.3,11,0.8770200402293935,0.3620507289147424
2019,-0.075,1.4000000000000001,11,0.8770200402293935,0.3466305168113362
2019,-0.075,1.5,11,0.8925624710655764,0.3471496078649629
2019,-0.075,1.6,11,0.8925624710655764,0.33530655701109446
2019,-0.075,1.7000000000000002,11,0.8962004078443315,0.32711242802676016
2019,-0.075,1.8,11,0.9082486006154159,0.33425518399503146
2019,-0.075,1.9000000000000001,11,0.9082486006154159,0.3385648367437296
2019,-0.075,2.0,11,0.9124685010826606,0.3346262313350816
2019,-0.075,2.1,11,0.9126410041014634,0.34490188711649095
2019,-0.075,2.2,11,0.9150501479089779,0.34985768017751623
2019,-0.075,2.3000000000000003,11,0.9219571323186622,0.3436867129023902
2019,-0.075,2.4000000000000004,11,0.9224746413750707,0.3543986798049634
2019,-0.075,2.5,11,0.9503747129596566,0.3773709842840988
2019,-0.075,2.6,11,0.959344869937404,0.3923204829748003
2019,-0.075,2.7,11,0.9737720237283848,0.4321456460622107
2019,-0.075,2.8000000000000003,11,0.9806721444804978,0.4400283278868631
2019,-0.075,2.9000000000000004,11,0.987918521292092,0.4944685671945745
2019,-0.075,3.0,11,0.987918521292092,0.5103232420233274
2019,-0.075,3.1,11,0.987918521292092,0.5133785701084727
2019,-0.075,3.2,11,0.9991070657758311,0.573808283650613
2019,-0.075,3.3000000000000003,11,0.9991070657758311,0.5831888476218539
2019,-0.075,3.4000000000000004,11,1.010086424581277,0.6162098556860875
2019,-0.075,3.5,11,1.0136749413276882,0.6330680735624704
2019,-0.075,3.6,11,1.0136749413276882,0.6418589635787362
2019,-0.075,3.7,11,1.0256366638157266,0.7113757983499741
2019,-0.075,3.8000000000000003,11,1.0256366638157266,0.714513637473547
2019,-0.075,3.9000000000000004,11,1.037494371325608,0.7440057505822796
2019,-0.075,4.0,11,1.0379286504223075,0.7444610045550085
2019,-0.075,4.1000000000000005,11,1.0871469480482483,0.7376997190169643
2019,-0.075,4.2,11,1.1752063818975933,0.7387231036137137
2019,-0.075,4.3,11,1.1752063818975933,0.7295819827983357
2019,-0.075,4.4,11,1.1752063818975933,0.7252809291626916
2019,-0.075,4.5,11,1.1769630793064645,0.7275480160790171
2019,-0.075,4.6000000000000005,11,1.2636653422101005,0.7093909675569863
2019,-0.075,4.7,11,1.2636653422101005,0.7157975571868447
2019,-0.075,4.800000000000001,11,1.2636653422101005,0.6976954776784015
2019,-0.075,4.9,11,1.2818471603919186,0.6958379244818302
2019,-0.075,5.0,11,1.2825773538931964,0.7246673201436964
2019,-0.075,5.1000000000000005,11,1.2825773538931964,0.7312199150310622
2019,-0.075,5.2,11,1.2841986625208746,0.7284387696951057
2019,-0.075,5.300000000000001,11,1.2841986625208746,0.7464064402828672
2019,-0.075,5.4,11,1.2841986625208746,0.7468798784836858
2019,-0.075,5.5,11,1.2841986625208746,0.7770230206654027
2019,-0.075,5.6000000000000005,11,1.2841986625208746,0.7552602114574629
2019,-0.075,5.7,11,1.2841986625208746,0.7006481320642967
2019,-0.075,5.800000000000001,11,1.2841986625208746,0.7135449228580222
2019,-0.075,5.9,11,1.2841986625208746,0.7336255701944744
2019,-0.075,6.0,11,1.2841986625208746,0.731474678681047
2019,-0.08,0.0,11,0.7465039335568431,0.07064864733361284
2019,-0.08,0.1,11,0.753550049618982,0.1117344569506792
2019,-0.08,0.2,11,0.8004935925188434,0.10953966970203499
2019,-0.08,0.30000000000000004,11,0.8026695328359092,0.1426706072642832
2019,-0.08,0.4,11,0.8046194014317213,0.1423251942369634
2019,-0.08,0.5,11,0.8103277123933738,0.18205177580836532
2019,-0.08,0.6000000000000001,11,0.8357629446369873,0.18795976287523003
2019,-0.08,0.7000000000000001,11,0.8421445762019033,0.28207017543132884
2019,-0.08,0.8,11,0.8492658680213268,0.30709412345693204
2019,-0.08,0.9,11,0.8528815705006655,0.30353442076270637
2019,-0.08,1.0,11,0.8733839463376973,0.299519382069347
2019,-0.08,1.1,11,0.8764831198914163,0.33782504280884407
2019,-0.08,1.2000000000000002,11,0.8764831198914163,0.34140871235948367
2019,-0.08,1.3,11,0.8764831198914163,0.3490593613745381
2019,-0.08,1.4000000000000001,11,0.8770200402293935,0.34140953436050436
2019,-0.08,1.5,11,0.8770200402293935,0.3466305168113362
2019,-0.08,1.6,11,0.8925624710655764,0.3404718462672928
2019,-0.08,1.7000000000000002,11,0.8953318496509325,0.33516526218531106
2019,-0.08,1.8,11,0.8962004078443315,0.32184927013202336
2019,-0.08,1.9000000000000001,11,0.9082486006154159,0.33425518399503146
2019,-0.08,2.0,11,0.9109990348945125,0.32539170414384544
2019,-0.08,2.1,11,0.9124685010826606,0.32644187100351263
2019,-0.08,2.2,11,0.9126410041014634,0.34490188711649095
2019,-0.08,2.3000000000000003,11,0.9150501479089779,0.34985768017751623
2019,-0.08,2.4000000000000004,11,0.9219571323186622,0.3493323411594835
2019,-0.08,2.5,11,0.9219571323186622,0.35706497646515495
2019,-0.08,2.6,11,0.9503747129596566,0.3773709842840988
2019,-0.08,2.7,11,0.959344869937404,0.3858125559060953
2019,-0.08,2.8000000000000003,11,0.959344869937404,0.42058369342912266
2019,-0.08,2.9000000000000004,11,0.9737720237283848,0.4352448196159297
2019,-0.08,3.0,11,0.987918521292092,0.48434097736364096
2019,-0.08,3.1,11,0.987918521292092,0.5046149310616747
2019,-0.08,3.2,11,0.987918521292092,0.5123127478851551
2019,-0.08,3.3000000000000003,11,0.9991070657758311,0.5714965058415237
2019,-0.08,3.4000000000000004,11,0.9991070657758311,0.5751365008879211
2019,-0.08,3.5,11,1.010086424581277,0.6139310522771021
2019,-0.08,3.6,11,1.0136749413276882,0.6236261236286712
2019,-0.08,3.7,11,1.0136749413276882,0.6398717794107622
2019,-0.08,3.8000000000000003,11,1.0256366638157266,0.6784618343921333
2019,-0.08,3.9000000000000004,11,1.0256366638157266,0.7115736111060711
2019,-0.08,4.0,11,1.037494371325608,0.7371115106148983
2019,-0.08,4.1000000000000005,11,1.0379286504223075,0.7355838380998576
2019,-0.08,4.2,11,1.0871469480482483,0.729948844740301
2019,-0.08,4.3,11,1.1000656083353297,0.7610198771197312
2019,-0.08,4.4,11,1.1752063818975933,0.7455107893625001
2019,-0.08,4.5,11,1.1752063818975933,0.7359587137093085
2019,-0.08,4.6000000000000005,11,1.1752063818975933,0.7240633966951591
2019,-0.08,4.7,11,1.2487334142346942,0.7148650639816787
2019,-0.08,4.800000000000001,11,1.2636653422101005,0.700441603353827
2019,-0.08,4.9,11,1.2636653422101005,0.7137275209612107
2019,-0.08,5.0,11,1.2655792178081866,0.7142524453949007
2019,-0.08,5.1000000000000005,11,1.2818471603919186,0.6744312312233861
2019,-0.08,5.2,11,1.2818471603919186,0.6919478968019208
2019,-0.08,5.300000000000001,11,1.2818471603919186,0.7283435984137572
2019,-0.08,5.4,11,1.2825773538931964,0.7334629284708574
2019,-0.08,5.5,11,1.2825773538931964,0.7298212192986341
2019,-0.08,5.6000000000000005,11,1.2841986625208746,0.7420715452994489
2019,-0.08,5.7,11,1.2841986625208746,0.7472441812363726
2019,-0.08,5.800000000000001,11,1.2841986625208746,0.7741537310545777
2019,-0.08,5.9,11,1.2841986625208746,0.7734629734913536
2019,-0.08,6.0,11,1.2841986625208746,0.7036000590249722
2019,-0.085,0.0,11,0.7465039335568431,0.07064864733361284
2019,-0.085,0.1,11,0.753550049618982,0.10918668625004226
2019,-0.085,0.2,11,0.8004935925188434,0.10664447572403847
2019,-0.085,0.30000000000000004,11,0.8026695328359092,0.1426706072642832
2019,-0.085,0.4,11,0.8046194014317213,0.1395375526456997
2019,-0.085,0.5,11,0.8103277123933738,0.18205177580836532
2019,-0.085,0.6000000000000001,11,0.8116841427208953,0.1857720248033343
2019,-0.085,0.7000000000000001,11,0.8416280472762835,0.2808786425879888
2019,-0.085,0.8,11,0.8490397963000732,0.29005039993962733
2019,-0.085,0.9,11,0.8492658680213268,0.31217874747272867
2019,-0.085,1.0,11,0.8551241097451023,0.3043957728552548
2019,-0.085,1.1,11,0.8764831198914163,0.33710532670775784
2019,-0.085,1.2000000000000002,11,0.8764831198914163,0.3380176365406801
2019,-0.085,1.3,11,0.8764831198914163,0.3426865509867199
2019,-0.085,1.4000000000000001,11,0.8764831198914163,0.341976359266027
2019,-0.085,1.5,11,0.8770200402293935,0.34140953436050436
2019,-0.085,1.6,11,0.8770200402293935,0.3435562963458114
2019,-0.085,1.7000000000000002,11,0.8925624710655764,0.3404718462672928
2019,-0.085,1.8,11,0.8962004078443315,0.33239501868425964
2019,-0.085,1.9000000000000001,11,0.8962004078443315,0.33182777370320427
2019,-0.085,2.0,11,0.9089723991099149,0.329622873630237
2019,-0.085,2.1,11,0.9109990348945125,0.3223174836783206
2019,-0.085,2.2,11,0.9124685010826606,0.32644187100351263
2019,-0.085,2.3000000000000003,11,0.9124685010826606,0.3456706505698514
2019,-0.085,2.4000000000000004,11,0.9129801116833438,0.3464105601938256
2019,-0.085,2.5,11,0.9189216261354453,0.34703598002991476
2019,-0.085,2.6,11,0.9219571323186622,0.3585750833241326
2019,-0.085,2.7,11,0.9319168899477539,0.36946608841034206
2019,-0.085,2.8000000000000003,11,0.9503747129596566,0.3811667359678827
2019,-0.085,2.9000000000000004,11,0.959344869937404,0.41678862701546043
2019,-0.085,3.0,11,0.9696319512771168,0.43330234041150467
2019,-0.085,3.1,11,0.9810184005399788,0.4553559529055455
2019,-0.085,3.2,11,0.987918521292092,0.4877597234974308
2019,-0.085,3.3000000000000003,11,0.987918521292092,0.5047596907605746
2019,-0.085,3.4000000000000004,11,0.9958132581341974,0.5677557125637885
2019,-0.085,3.5,11,0.9991070657758311,0.5718198783178053
2019,-0.085,3.6,11,0.9991070657758311,0.5712928038180209
2019,-0.085,3.7,11,1.010086424581277,0.6085834586942144
2019,-0.085,3.8000000000000003,11,1.0136749413276882,0.6304298294769631
2019,-0.085,3.9000000000000004,11,1.0136749413276882,0.6367617315638724
2019,-0.085,4.0,11,1.0256366638157266,0.6956882385612126
2019,-0.085,4.1000000000000005,11,1.037494371325608,0.7366065491824874
2019,-0.085,4.2,11,1.037494371325608,0.7320961609563198
2019,-0.085,4.3,11,1.0379286504223075,0.7299068956004976
2019,-0.085,4.4,11,1.0871469480482483,0.7206844996064903
2019,-0.085,4.5,11,1.1299714236191567,0.7344847630737068
2019,-0.085,4.6000000000000005,11,1.1752063818975933,0.7485845294586843
2019,-0.085,4.7,11,1.1752063818975933,0.7471737902491218
2019,-0.085,4.800000000000001,11,1.1752063818975933,0.7187173281033
2019,-0.085,4.9,11,1.2487334142346942,0.7093003071867737
2019,-0.085,5.0,11,1.2636653422101005,0.7116812582650787
2019,-0.085,5.1000000000000005,11,1.2636653422101005,0.6961008882696235
2019,-0.085,5.2,11,1.2655792178081866,0.7141629336960301
2019,-0.085,5.300000000000001,11,1.2818471603919186,0.7112686518091752
2019,-0.085,5.4,11,1.2818471603919186,0.6661494600212984
2019,-0.085,5.5,11,1.2818471603919186,0.6943463364447452
2019,-0.085,5.6000000000000005,11,1.2818471603919186,0.7229767374753785
2019,-0.085,5.7,11,1.2825773538931964,0.7031197861114177
2019,-0.085,5.800000000000001,11,1.2825773538931964,0.7269518752668697
2019,-0.085,5.9,11,1.2841986625208746,0.7448986042612714
2019,-0.085,6.0,11,1.2841986625208746,0.7411070023482845
2019,-0.09,0.0,11,0.7465039335568431,0.07064864733361284
2019,-0.09,0.1,11,0.753550049618982,0.10918668625004226
2019,-0.09,0.2,11,0.8004935925188434,0.10664447572403847
2019,-0.09,0.30000000000000004,11,0.8026695328359092,0.1426706072642832
2019,-0.09,0.4,11,0.8046194014317213,0.14324340093753526
2019,-0.09,0.5,11,0.8103277123933738,0.18205177580836532
2019,-0.09,0.6000000000000001,11,0.8116841427208953,0.18130710830857633
2019,-0.09,0.7000000000000001,11,0.8357629446369873,0.194946868081298
2019,-0.09,0.8,11,0.8421445762019033,0.28333552390656946
2019,-0.09,0.9,11,0.8492658680213268,0.3140042312259233
2019,-0.09,1.0,11,0.8528815705006655,0.30353442076270637
2019,-0.09,1.1,11,0.8685538618112182,0.3215126090560824
2019,-0.09,1.2000000000000002,11,0.8764831198914163,0.3414407452881829
2019,-0.09,1.3,11,0.8764831198914163,0.3380176365406801
2019,-0.09,1.4000000000000001,11,0.8764831198914163,0.33950947126501774
2019,-0.09,1.5,11,0.8764831198914163,0.341976359266027
2019,-0.09,1.6,11,0.8770200402293935,0.34295912113736393
2019,-0.09,1.7000000000000002,11,0.8770200402293935,0.3351467904274642
2019,-0.09,1.8,11,0.8934310292589753,0.34105088506289216
2019,-0.09,1.9000000000000001,11,0.8962004078443315,0.33239501868425964
2019,-0.09,2.0,11,0.8962004078443315,0.3263380943004814
2019,-0.09,2.1,11,0.8989508421234281,0.3227249867730224
2019,-0.09,2.2,11,0.9109990348945125,0.32535743735521694
2019,-0.09,2.3000000000000003,11,0.9124685010826606,0.33787788721659895
2019,-0.09,2.4000000000000004,11,0.9124685010826606,0.3467444912458058
2019,-0.09,2.5,11,0.9129801116833438,0.347947670426588
2019,-0.09,2.6,11,0.9150501479089779,0.35110527101247896
2019,-0.09,2.7,11,0.9219571323186622,0.35526878440079923
2019,-0.09,2.8000000000000003,11,0.9313993808913456,0.369455331943152
2019,-0.09,2.9000000000000004,11,0.9503747129596566,0.3811667359678827
2019,-0.09,3.0,11,0.959344869937404,0.41407576636041765
2019,-0.09,3.1,11,0.9696319512771168,0.4301530714195533
2019,-0.09,3.2,11,0.9696319512771168,0.43240511227773926
2019,-0.09,3.3000000000000003,11,0.987918521292092,0.47725762209701994
2019,-0.09,3.4000000000000004,11,0.987918521292092,0.4983770790648699
2019,-0.09,3.5,11,0.9958132581341974,0.560202655439208
2019,-0.09,3.6,11,0.9991070657758311,0.5745629150231649
2019,-0.09,3.7,11,0.9991070657758311,0.5718198783178053
2019,-0.09,3.8000000000000003,11,1.010086424581277,0.604889641762685
2019,-0.09,3.9000000000000004,11,1.0136749413276882,0.62280343248509
2019,-0.09,4.0,11,1.0136749413276882,0.6304298294769631
2019,-0.09,4.1000000000000005,11,1.0256366638157266,0.6905910065463486
2019,-0.09,4.2,11,1.0256366638157266,0.6958607415800154
2019,-0.09,4.3,11,1.037494371325608,0.7353990280508675
2019,-0.09,4.4,11,1.0379286504223075,0.7236698829232058
2019,-0.09,4.5,11,1.0871469480482483,0.7210765539676082
2019,-0.09,4.6000000000000005,11,1.1000656083353297,0.7464397226443221
2019,-0.09,4.7,11,1.1752063818975933,0.7236401509445096
2019,-0.09,4.800000000000001,11,1.1752063818975933,0.7485845294586843
2019,-0.09,4.9,11,1.1752063818975933,0.7429715503929095
2019,-0.09,5.0,11,1.1976944201751054,0.7051036678933974
2019,-0.09,5.1000000000000005,11,1.2487334142346942,0.7034151818756523
2019,-0.09,5.2,11,1.2636653422101005,0.7147539705171009
2019,-0.09,5.300000000000001,11,1.2636653422101005,0.7087817504038666
2019,-0.09,5.4,11,1.2655792178081866,0.6995317513110527
2019,-0.09,5.5,11,1.2818471603919186,0.7127287268871639
2019,-0.09,5.6000000000000005,11,1.2818471603919186,0.7036848041795611
2019,-0.09,5.7,11,1.2818471603919186,0.6732148706337879
2019,-0.09,5.800000000000001,11,1.2818471603919186,0.700903211984137
2019,-0.09,5.9,11,1.2818471603919186,0.7050991318192015
2019,-0.09,6.0,11,1.2825773538931964,0.7265742803314093
2019,-0.095,0.0,11,0.7465039335568431,0.07064864733361284
2019,-0.095,0.1,11,0.753550049618982,0.10151965448662494
2019,-0.095,0.2,11,0.8004935925188434,0.10664447572403847
2019,-0.095,0.30000000000000004,11,0.8026695328359092,0.1426706072642832
2019,-0.095,0.4,11,0.8046194014317213,0.14324340093753526
2019,-0.095,0.5,11,0.8103277123933738,0.18205177580836532
2019,-0.095,0.6000000000000001,11,0.8116841427208953,0.1783869156677176
2019,-0.095,0.7000000000000001,11,0.8357629446369873,0.1936690294540618
2019,-0.095,0.8,11,0.8421445762019033,0.28207017543132884
2019,-0.095,0.9,11,0.8490397963000732,0.30849572273277626
2019,-0.095,1.0,11,0.8492658680213268,0.31217874747272867
2019,-0.095,1.1,11,0.8551241097451023,0.32449146663515904
2019,-0.095,1.2000000000000002,11,0.8764831198914163,0.33564493970520215
2019,-0.095,1.3,11,0.8764831198914163,0.33782504280884407
2019,-0.095,1.4000000000000001,11,0.8764831198914163,0.3588728271920196
2019,-0.095,1.5,11,0.8764831198914163,0.33950947126501774
2019,-0.095,1.6,11,0.8770200402293935,0.34341756648901844
2019,-0.095,1.7000000000000002,11,0.8770200402293935,0.3210682580682995
2019,-0.095,1.8,11,0.8778885984227925,0.3344479905958273
2019,-0.095,1.9000000000000001,11,0.8934310292589753,0.34105088506289216
2019,-0.095,2.0,11,0.8962004078443315,0.3443567411722979
2019,-0.095,2.1,11,0.8969242063388306,0.3285129863950633
2019,-0.095,2.2,11,0.8989508421234281,0.3227249867730224
2019,-0.095,2.3000000000000003,11,0.9109990348945125,0.3114818392690925
2019,-0.095,2.4000000000000004,11,0.9109990348945125,0.3344914677045541
2019,-0.095,2.5,11,0.9124685010826606,0.3382299196929568
2019,-0.095,2.6,11,0.9124685010826606,0.34510036434389313
2019,-0.095,2.7,11,0.9129801116833438,0.34920773780564784
2019,-0.095,2.8000000000000003,11,0.9212671202434509,0.35199122704354546
2019,-0.095,2.9000000000000004,11,0.9313993808913456,0.369455331943152
2019,-0.095,3.0,11,0.9319168899477539,0.3891854069731069
2019,-0.095,3.1,11,0.9503747129596566,0.4094299464222051
2019,-0.095,3.2,11,0.9696319512771168,0.4263580050058911
2019,-0.095,3.3000000000000003,11,0.9696319512771168,0.43011762703570855
2019,-0.095,3.4000000000000004,11,0.9810184005399788,0.47247411382608645
2019,-0.095,3.5,11,0.987918521292092,0.48824948923393624
2019,-0.095,3.6,11,0.987918521292092,0.5310927710162305
2019,-0.095,3.7,11,0.9991070657758311,0.5727181688602369
2019,-0.095,3.8000000000000003,11,0.9991070657758311,0.5745629150231649
2019,-0.095,3.9000000000000004,11,1.010086424581277,0.6025620829730536
2019,-0.095,4.0,11,1.0136749413276882,0.6123059097052687
2019,-0.095,4.1000000000000005,11,1.0136749413276882,0.62280343248509
2019,-0.095,4.2,11,1.0256366638157266,0.6811490566125497
2019,-0.095,4.3,11,1.0256366638157266,0.6905910065463486
2019,-0.095,4.4,11,1.037494371325608,0.7208936796564317
2019,-0.095,4.5,11,1.0379286504223075,0.7232939512862576
2019,-0.095,4.6000000000000005,11,1.0379286504223075,0.7236698829232058
2019,-0.095,4.7,11,1.1000656083353297,0.7436775578455657
2019,-0.095,4.800000000000001,11,1.1299714236191567,0.7232091916072383
2019,-0.095,4.9,11,1.1752063818975933,0.7352859949659358
2019,-0.095,5.0,11,1.1752063818975933,0.7470320022894588
2019,-0.095,5.1000000000000005,11,1.1752063818975933,0.7379753182220044
2019,-0.095,5.2,11,1.2469767168258228,0.7196897753162035
2019,-0.095,5.300000000000001,11,1.2487334142346942,0.706028630614252
2019,-0.095,5.4,11,1.2636653422101005,0.7043008305742435
2019,-0.095,5.5,11,1.2636653422101005,0.7085480643124951
2019,-0.095,5.6000000000000005,11,1.2655792178081866,0.7025022871056282
2019,-0.095,5.7,11,1.2818471603919186,0.7087036155250962
2019,-0.095,5.800000000000001,11,1.2818471603919186,0.7105303281293686
2019,-0.095,5.9,11,1.2818471603919186,0.7037804208954683
2019,-0.095,6.0,11,1.2818471603919186,0.677727835878399
2019,-0.1,0.0,11,0.7465039335568431,0.07064864733361284
2019,-0.1,0.1,11,0.753550049618982,0.10151965448662494
2019,-0.1,0.2,11,0.786547311527108,0.10457836002155912
2019,-0.1,0.30000000000000004,11,0.8026695328359092,0.1426706072642832
2019,-0.1,0.4,11,0.8046194014317213,0.14445092206915505
2019,-0.1,0.5,11,0.8046194014317213,0.16888021816040835
2019,-0.1,0.6000000000000001,11,0.8103277123933738,0.1827105373366921
2019,-0.1,0.7000000000000001,11,0.8116841427208953,0.19130878836336326
2019,-0.1,0.8,11,0.8416280472762835,0.2808786425879888
2019,-0.1,0.9,11,0.846457151671974,0.30178084669971833
2019,-0.1,1.0,11,0.8492658680213268,0.3140042312259233
2019,-0.1,1.1,11,0.8528815705006655,0.3236301145426106
2019,-0.1,1.2000000000000002,11,0.8685538618112182,0.33754247291203326
2019,-0.1,1.3,11,0.8764831198914163,0.3407507332129716
2019,-0.1,1.4000000000000001,11,0.8764831198914163,0.338190139559483
2019,-0.1,1.5,11,0.8764831198914163,0.33950947126501774
2019,-0.1,1.6,11,0.8764831198914163,0.336881387505445
2019,-0.1,1.7000000000000002,11,0.8770200402293935,0.34140953436050436
2019,-0.1,1.8,11,0.8770200402293935,0.3162373401939033
2019,-0.1,1.9000000000000001,11,0.8934310292589753,0.3372173691811835
2019,-0.1,2.0,11,0.8934310292589753,0.33770160276624145
2019,-0.1,2.1,11,0.8962004078443315,0.33711036436070374
2019,-0.1,2.2,11,0.8989508421234281,0.3199721641599736
2019,-0.1,2.3000000000000003,11,0.8989508421234281,0.3257649404499187
2019,-0.1,2.4000000000000004,11,0.9109990348945125,0.3254857224949438
2019,-0.1,2.5,11,0.9109990348945125,0.3344914677045541
2019,-0.1,2.6,11,0.9124685010826606,0.33650488950492846
2019,-0.1,2.7,11,0.9124685010826606,0.3507459926009864
2019,-0.1,2.8000000000000003,11,0.9129801116833438,0.3476581510287884
2019,-0.1,2.9000000000000004,11,0.9189216261354453,0.3529724232712305
2019,-0.1,3.0,11,0.9219571323186622,0.3568490170498421
2019,-0.1,3.1,11,0.9313993808913456,0.387292774420219
2019,-0.1,3.2,11,0.9319168899477539,0.4082224252905853
2019,-0.1,3.3000000000000003,11,0.9606617942993697,0.4251976715200737
2019,-0.1,3.4000000000000004,11,0.9696319512771168,0.4269683580437572
2019,-0.1,3.5,11,0.976878328088711,0.4705316346216615
2019,-0.1,3.6,11,0.9810184005399788,0.474794813842052
2019,-0.1,3.7,11,0.987918521292092,0.520965181185297
2019,-0.1,3.8000000000000003,11,0.9991070657758311,0.5606272462028796
2019,-0.1,3.9000000000000004,11,0.9991070657758311,0.5737512267114766
2019,-0.1,4.0,11,0.9991070657758311,0.5675760503287903
2019,-0.1,4.1000000000000005,11,1.0136749413276882,0.6099783509156373
2019,-0.1,4.2,11,1.0136749413276882,0.6191096155535606
2019,-0.1,4.3,11,1.0136749413276882,0.6374363177328992
2019,-0.1,4.4,11,1.0256366638157266,0.6811490566125497
2019,-0.1,4.5,11,1.0256366638157266,0.6905910065463486
2019,-0.1,4.6000000000000005,11,1.0379286504223075,0.706234988332708
2019,-0.1,4.7,11,1.0379286504223075,0.7214120752005598
2019,-0.1,4.800000000000001,11,1.0871469480482483,0.7148395412903163
2019,-0.1,4.9,11,1.1000656083353297,0.7397249886756053
2019,-0.1,5.0,11,1.1299714236191567,0.719414125193576
2019,-0.1,5.1000000000000005,11,1.1752063818975933,0.7284701364944912
2019,-0.1,5.2,11,1.1752063818975933,0.7360742100816665
2019,-0.1,5.300000000000001,11,1.1976944201751054,0.7085494809014302
2019,-0.1,5.4,11,1.2469767168258228,0.7279888737084153
2019,-0.1,5.5,11,1.2487334142346942,0.7148926330599369
2019,-0.1,5.6000000000000005,11,1.2636653422101005,0.7016932626203758
2019,-0.1,5.7,11,1.2636653422101005,0.7044400131203994
2019,-0.1,5.800000000000001,11,1.2655792178081866,0.7065714188551463
2019,-0.1,5.9,11,1.2818471603919186,0.6951354243919505
2019,-0.1,6.0,11,1.2818471603919186,0.7075528329688129
