0,-0.0,0.0,432,0.6037919023035827,0.05150171522325081,31.452240227150615
0,-0.0,0.1,431,0.6836889560506425,0.1133199276551302,43.290689200173645
0,-0.0,0.2,431,0.7670372468833971,0.19692372280236306,47.39884457822302
0,-0.0,0.30000000000000004,431,0.8437756075811293,0.2680939215920922,45.29173164629919
0,-0.0,0.4,431,0.9239540605727666,0.3213171892241853,33.318543699932974
0,-0.0,0.5,431,1.0078064242122613,0.39313471474632816,38.286894570680126
0,-0.0,0.6000000000000001,430,1.0304617723378382,0.4423810172343068,39.540182916259766
0,-0.0,0.7000000000000001,430,1.1251552730531187,0.4979983704469596,40.90029149653599
0,-0.0,0.8,429,1.1359091256606864,0.537143793988821,28.010162252974506
0,-0.0,0.9,429,1.220705831965674,0.5740822737242212,46.500071944491374
0,-0.0,1.0,429,1.2692457923705418,0.6263076391075394,37.08079399592459
0,-0.0,1.1,429,1.2917021932765358,0.6651070773214361,28.539349977772662
0,-0.0,1.2000000000000002,428,1.2864107077182487,0.6844553962408206,41.406584655449755
0,-0.0,1.3,427,1.279654346804253,0.685020285218844,23.46527565402755
0,-0.0,1.4000000000000001,427,1.3053562883469532,0.7321395277341435,34.41207606488406
0,-0.0,1.5,427,1.294661453754852,0.736295140248433,14.84337384756473
0,-0.0,1.6,427,1.2723481290748841,0.7305206783604816,21.66916660842584
0,-0.0,1.7000000000000002,426,1.2331894555712517,0.6884967149093966,21.267797509246396
0,-0.0,1.8,426,1.3496001081720823,0.6934211445329979,13.806802173045096
0,-0.0,1.9000000000000001,425,1.3374529849630985,0.6987624149675085,10.879517495750239
0,-0.0,2.0,424,1.3595931804231516,0.720393622137727,11.619789150500344
0,-0.0,2.1,423,1.3554971950825543,0.7279252424477741,14.70519582681474
0,-0.0,2.2,422,1.3659129534577843,0.7525014060690279,14.427502116672835
0,-0.0,2.3000000000000003,422,1.3702696989391223,0.7496159860558471,19.855059394026327
0,-0.0,2.4000000000000004,421,1.3808551104893776,0.7506069348086618,24.408844798042757
0,-0.0,2.5,420,1.3726486096084936,0.7476477571077463,15.127669591263091
0,-0.0,2.6,420,1.37539122382685,0.7484816697130398,24.283892604891435
0,-0.0,2.7,420,1.3067173175586217,0.7026431578676112,25.96633330343967
0,-0.0,2.8000000000000003,420,1.2575556911829808,0.6594183437019041,22.128098020872557
0,-0.0,2.9000000000000004,420,1.215878215237951,0.6323710922282445,18.075436650155435
0,-0.0,3.0,420,1.1449217537989205,0.589156815969539,18.898405652069975
0,-0.0,3.1,420,1.1435127139449108,0.5908279252601619,18.77503221722263
0,-0.0,3.2,420,1.1171797649158415,0.5697743559750256,18.6718455399562
0,-0.0,3.3000000000000003,420,1.2255277338995505,0.5513107921146377,17.357260737559
0,-0.0,3.4000000000000004,420,1.2139258540637266,0.5418762611958513,19.574615361772626
0,-0.0,3.5,420,1.1883658040708074,0.5201281588904583,19.955424935629377
0,-0.0,3.6,420,1.1678580210148488,0.5007666148041778,19.663369544451477
0,-0.0,3.7,420,1.1476462820982727,0.48908091239630525,20.18617485069766
0,-0.0,3.8000000000000003,420,1.0966656612864323,0.4435894882614778,12.540752402714736
0,-0.0,3.9000000000000004,420,1.1216046419273746,0.45067544848010094,12.964513338323144
0,-0.0,4.0,420,1.1509538948275242,0.46502507674014787,13.040108717239427
0,-0.0,4.1000000000000005,420,1.0782896471755297,0.4002721964834396,12.726970138797517
0,-0.0,4.2,420,1.054045456254723,0.383821954700485,10.536912343590846
0,-0.0,4.3,419,1.0424322936821142,0.3621253638711494,10.742077678962069
0,-0.0,4.4,419,1.0429212716210838,0.3547559773357292,10.857365369699167
0,-0.0,4.5,417,1.0135200697636406,0.33651304463328763,11.081132713881427
0,-0.0,4.6000000000000005,415,1.0027204289741753,0.3329766884979846,17.006978769567404
0,-0.0,4.7,415,0.9737891444713418,0.3152480365039146,12.88004059566283
0,-0.0,4.800000000000001,415,0.9543542117696167,0.307920066571186,10.419008428752154
0,-0.0,4.9,414,0.8846602010273446,0.2560966066220818,14.694798165597899
0,-0.0,5.0,413,0.8554496914130432,0.2519581876377408,15.487740307439804
0,-0.0,5.1000000000000005,412,0.8257172667676081,0.2195310061524671,14.694798165597899
0,-0.0,5.2,410,0.7490313502399503,0.14902779120361895,11.419338509973755
0,-0.0,5.300000000000001,408,0.7206430994896904,0.13053684569826618,10.00923675397371
0,-0.0,5.4,405,0.504438068289272,0.07059028697642042,9.988148645121086
0,-0.0,5.5,402,0.4295491178695373,0.011958374883841827,9.988148645121086
0,-0.0,5.6000000000000005,395,0.27929742338685487,-0.11368658297827154,6.7259217980867465
0,-0.0,5.7,386,0.10022853328876821,-0.23985753195557497,6.7259217980867465
0,-0.0,5.800000000000001,377,-0.045872719489668874,-0.3785805141375961,0.0
0,-0.0,5.9,365,-0.48390870402596403,-0.5813514743640312,0.0
0,-0.0,6.0,345,-1.0,-1.0,0.0
0,-0.005,0.0,432,0.6037919023035827,0.05150171522325081,31.452240227150615
0,-0.005,0.1,432,0.6599552122399568,0.0864953948587272,26.89825799528967
0,-0.005,0.2,432,0.7228734860936418,0.12968397225185588,31.850082353698035
0,-0.005,0.30000000000000004,432,0.7758302515833643,0.18721493004637751,32.05313245063882
0,-0.005,0.4,431,0.8823340402349136,0.24330016444215175,41.40170195258821
0,-0.005,0.5,431,0.94416992759108,0.3034851862467681,36.50125439354062
0,-0.005,0.6000000000000001,431,1.0094555864604677,0.35421724238313185,43.00417257767114
0,-0.005,0.7000000000000001,431,1.0525550115106517,0.4097275063790805,35.69315475040186
0,-0.005,0.8,431,1.1169546248515645,0.4741847509076966,48.71871354018356
0,-0.005,0.9,431,1.2021595986962816,0.5408760461694904,53.92778748681329
0,-0.005,1.0,431,1.2561278264358404,0.5758615828677406,49.60770827340797
0,-0.005,1.1,429,1.2325513474108614,0.6156037702060506,30.0305517593782
0,-0.005,1.2000000000000002,429,1.2416887221558546,0.6519247092644865,51.67523382191814
0,-0.005,1.3,429,1.2697999537896203,0.6983535421933128,60.59209620005455
0,-0.005,1.4000000000000001,429,1.2842447543651014,0.7242251141770891,36.7309837535044
0,-0.005,1.5,429,1.3976095940090039,0.7487006441924369,50.37233170426349
0,-0.005,1.6,428,1.4004092221571844,0.7665432200079075,44.02521244761399
0,-0.005,1.7000000000000002,427,1.286159242129049,0.7686452471312105,57.53296024889756
0,-0.005,1.8,427,1.3051579877193276,0.7985822334856402,45.42218501710147
0,-0.005,1.9000000000000001,427,1.3104128321622337,0.8002390300641649,62.819653314404434
0,-0.005,2.0,426,1.3345266506922036,0.8186291647705431,30.951246258138035
0,-0.005,2.1,426,1.4470405079093631,0.8377922797965065,23.49216703490699
0,-0.005,2.2,424,1.446621727396911,0.8314520428291635,20.37609261341688
0,-0.005,2.3000000000000003,424,1.4478654485013271,0.8286282791288876,15.712378845902194
0,-0.005,2.4000000000000004,424,1.4548409102239699,0.8353489943904868,16.101210151006732
0,-0.005,2.5,424,1.4489447477329647,0.8586948743753244,26.20327138990138
0,-0.005,2.6,422,1.4278284137629367,0.8371258035967449,34.62331986990107
0,-0.005,2.7,420,1.4188004166473398,0.8502216915553588,30.50018947825696
0,-0.005,2.8000000000000003,420,1.4424625156803554,0.8569305353070148,23.893424552887684
0,-0.005,2.9000000000000004,420,1.4371428961596742,0.8412544403750628,21.090430570865973
0,-0.005,3.0,420,1.4194225450820939,0.836567144249443,19.731909449519762
0,-0.005,3.1,420,1.423913447012305,0.8332209757935087,22.278500416267814
0,-0.005,3.2,420,1.4082733260992943,0.8300491624592643,36.403495214199594
0,-0.005,3.3000000000000003,420,1.4611261537441642,0.828479617202471,49.76903918482228
0,-0.005,3.4000000000000004,420,1.4608978118643157,0.8258418417261028,27.82725591321238
0,-0.005,3.5,420,1.4642162174629756,0.8348007326589548,37.683455519141326
0,-0.005,3.6,420,1.4691560015904699,0.8337152735941227,27.349927828831483
0,-0.005,3.7,420,1.4295895322857017,0.8199785875344322,33.28871483390811
0,-0.005,3.8000000000000003,420,1.409794847818363,0.7917807025782057,17.678030350217732
0,-0.005,3.9000000000000004,420,1.3564174792012722,0.7559158978431736,19.847754993083004
0,-0.005,4.0,420,1.3365110616084348,0.7412142021948694,12.947027301229861
0,-0.005,4.1000000000000005,420,1.2761746920256822,0.6877896598766325,13.118781755788186
0,-0.005,4.2,420,1.255647254779078,0.6762332568208624,19.748514134100418
0,-0.005,4.3,420,1.237994429414385,0.6631335615890598,16.283156082102117
0,-0.005,4.4,420,1.2499096831938403,0.6664539577126259,10.228226497429242
0,-0.005,4.5,419,1.1928035381820847,0.6359703754827107,8.583119015443822
0,-0.005,4.6000000000000005,419,1.2249635741476248,0.6319348368286066,7.759579997987006
0,-0.005,4.7,418,1.222249933351734,0.626502747649897,8.527406807315355
0,-0.005,4.800000000000001,418,1.2308964635792425,0.6249378041348398,13.257266042469022
0,-0.005,4.9,417,1.1967229952573228,0.5728181070086658,9.254985126040104
0,-0.005,5.0,417,1.1510252377372292,0.5358737997844211,10.310033187081158
0,-0.005,5.1000000000000005,417,1.0999282156876433,0.49701177319444123,14.10498230301679
0,-0.005,5.2,416,1.2259212552808665,0.4969669574845883,14.429627565880232
0,-0.005,5.300000000000001,416,1.171648701904654,0.4529069556784177,10.051828549346835
0,-0.005,5.4,414,1.0871344301953259,0.38535811441714796,15.883569478588527
0,-0.005,5.5,414,1.0343550974842624,0.347007835046161,10.421846808605453
0,-0.005,5.6000000000000005,414,1.0323576249325055,0.3542818774367301,10.584757425156818
0,-0.005,5.7,413,0.9927793653884848,0.319433030959937,10.979465293891025
0,-0.005,5.800000000000001,413,0.9848333526115677,0.3086705278363861,12.116830209912576
0,-0.005,5.9,409,0.8877674945668412,0.24848267573290653,7.421494179961739
0,-0.005,6.0,407,0.816041692187501,0.17630745751088406,6.204458829359357
0,-0.01,0.0,432,0.6037919023035827,0.05150171522325081,31.452240227150615
0,-0.01,0.1,432,0.645655066923314,0.08397843148331308,39.570191768573025
0,-0.01,0.2,432,0.6927547183538406,0.11724218006581281,27.446414237054544
0,-0.01,0.30000000000000004,432,0.7433011401589403,0.1512817132492304,31.75842860616529
0,-0.01,0.4,432,0.7988257137466976,0.17836368943356926,37.3555140666681
0,-0.01,0.5,432,0.8922368543435402,0.22180287052360634,34.98974586373298
0,-0.01,0.6000000000000001,432,0.9395703352672607,0.26800525416786203,29.88730683475103
0,-0.01,0.7000000000000001,431,1.0126635093259428,0.31376482134475153,38.84641714573106
0,-0.01,0.8,431,1.0672147407058565,0.36738259012249047,39.969418951157984
0,-0.01,0.9,431,1.1153385903071202,0.4293046413963063,50.88236486252106
0,-0.01,1.0,431,1.143229081201105,0.4792596365988052,63.08463482826683
0,-0.01,1.1,431,1.1574199596110843,0.5075754976806488,44.86447824433173
0,-0.01,1.2000000000000002,431,1.1874475225688967,0.5581040218756871,51.40494196717302
0,-0.01,1.3,431,1.1990423253573934,0.5914318972187597,42.80997197758972
0,-0.01,1.4000000000000001,431,1.2275729258499533,0.626638291506413,54.7824000359957
0,-0.01,1.5,430,1.263310017924847,0.6654595089605567,63.27320551115955
0,-0.01,1.6,430,1.3391841858262885,0.7007648858971476,45.804466147250764
0,-0.01,1.7000000000000002,430,1.3662114388623718,0.7211071734335617,43.2135342380443
0,-0.01,1.8,430,1.3773752114115947,0.7371152082895998,57.62123816047254
0,-0.01,1.9000000000000001,429,1.3312726903587884,0.7737520689558767,40.178730599712225
0,-0.01,2.0,429,1.4060602975897785,0.7962361196314358,36.78463392762022
0,-0.01,2.1,429,1.5034253121330037,0.824511476403065,54.90345451365303
0,-0.01,2.2,429,1.5434308130472043,0.8481823499857001,64.9369739647383
0,-0.01,2.3000000000000003,428,1.5896934535521623,0.8533378794143828,53.33152134096035
0,-0.01,2.4000000000000004,426,1.6112423553634259,0.8790767866323628,59.995027030352865
0,-0.01,2.5,425,1.5979731718302,0.8665693051707638,59.914090015449865
0,-0.01,2.6,425,1.5880505079826557,0.8614610902234754,22.29791882452868
0,-0.01,2.7,425,1.6365329701084015,0.868821863991884,21.765069665911856
0,-0.01,2.8000000000000003,424,1.6390205598850456,0.8945800295847474,39.43090410731781
0,-0.01,2.9000000000000004,423,1.504099763420561,0.8888310740350529,34.3287243587063
0,-0.01,3.0,422,1.5037876289517949,0.8870257062103364,20.016818905387556
0,-0.01,3.1,422,1.5058258505713078,0.8937348563397842,17.93752293022318
0,-0.01,3.2,421,1.526714958577523,0.9137101156851016,17.372605087566598
0,-0.01,3.3000000000000003,420,1.511714817465232,0.9025598665118364,22.415827312074562
0,-0.01,3.4000000000000004,420,1.494633854091423,0.9015018309447177,21.024018526805477
0,-0.01,3.5,420,1.4965470472122082,0.9074653298783049,18.122131768208305
0,-0.01,3.6,420,1.538492404953112,0.9250914189096873,36.27159833610467
0,-0.01,3.7,420,1.5455382111967655,0.9209562864549447,52.07931790435202
0,-0.01,3.8000000000000003,420,1.5499843228565082,0.9167924424038759,46.320271771031486
0,-0.01,3.9000000000000004,420,1.533633850821396,0.9133742932712677,70.9071878855308
0,-0.01,4.0,420,1.5389402800938992,0.9039965158414541,68.18852177574901
0,-0.01,4.1000000000000005,420,1.5574400351740667,0.9068409842201935,42.007469069594094
0,-0.01,4.2,420,1.5308911200976825,0.8815278929696159,40.48817510198766
0,-0.01,4.3,420,1.5024515419696143,0.8611355713216566,36.62021931173885
0,-0.01,4.4,420,1.464756477581335,0.8434086947806323,25.55658093407695
0,-0.01,4.5,420,1.470841102478022,0.8363189910536675,20.813551868545
0,-0.01,4.6000000000000005,420,1.4637424231108165,0.8287861254962909,31.553771831298526
0,-0.01,4.7,419,1.4476082790138132,0.8239249849579358,14.940826905797033
0,-0.01,4.800000000000001,419,1.445948382243863,0.8146612195875373,32.488119407366916
0,-0.01,4.9,418,1.4440201700884867,0.8170152830809827,29.502645640091025
0,-0.01,5.0,418,1.4125003246355474,0.7990670374907892,24.91994233631735
0,-0.01,5.1000000000000005,418,1.4056136339643257,0.7890444350847563,24.69912425127439
0,-0.01,5.2,417,1.3773549455860747,0.7685877383544648,21.315841012119446
0,-0.01,5.300000000000001,417,1.3290423633919046,0.709885638229383,35.124966216951954
0,-0.01,5.4,417,1.3292471482301615,0.7069074420463721,11.450690649891314
0,-0.01,5.5,417,1.2795386173406933,0.6463736182774409,15.440885037666616
0,-0.01,5.6000000000000005,416,1.276285460074431,0.6420249270690886,11.06738164996247
0,-0.01,5.7,416,1.3271378281134705,0.6367378256439973,8.793079684168362
0,-0.01,5.800000000000001,416,1.3121154657865992,0.6414431859555982,8.085497707167743
0,-0.01,5.9,415,1.2835245795256234,0.6380374149395145,7.6651187985530385
0,-0.01,6.0,414,1.2617175204395192,0.618095478737026,4.891048021665315
0,-0.015,0.0,432,0.6037919023035827,0.05150171522325081,31.452240227150615
0,-0.015,0.1,432,0.6362084763307806,0.08042929205793792,27.17010071263821
0,-0.015,0.2,432,0.6817836359532381,0.10854583369200214,23.90814988357047
0,-0.015,0.30000000000000004,432,0.7311271184153308,0.1365004778167441,26.532283038018168
0,-0.015,0.4,432,0.7640619226347326,0.1576362568124027,26.17110111894231
0,-0.015,0.5,432,0.8338286078226999,0.1961309930357539,32.463365603586496
0,-0.015,0.6000000000000001,432,0.8771954850674681,0.21802416988304893,32.03797014627175
0,-0.015,0.7000000000000001,432,0.9526816830064319,0.2517411191949314,35.59334760947418
0,-0.015,0.8,432,1.012015290325567,0.28017462386970426,30.420752747237643
0,-0.015,0.9,432,1.040178748521478,0.3175157441752326,31.942858869205303
0,-0.015,1.0,431,1.1012021678649182,0.3803425815905477,45.2525627605058
0,-0.015,1.1,431,1.1403713811063239,0.42418508846252895,50.30141089972782
0,-0.015,1.2000000000000002,431,1.1626865951796563,0.4680678403856223,51.197306804950344
0,-0.015,1.3,431,1.1845631503451002,0.5137466523566429,68.82463887823789
0,-0.015,1.4000000000000001,431,1.205905360573874,0.5642699160944157,61.497884000722635
0,-0.015,1.5,431,1.1978774190851922,0.5733190021368028,45.21283505367507
0,-0.015,1.6,431,1.2083651596322957,0.6153133068024634,71.96891234444935
0,-0.015,1.7000000000000002,431,1.2195523856390864,0.630766008985761,54.233964264819825
0,-0.015,1.8,430,1.24517248823002,0.6709027344378075,66.25911898930677
0,-0.015,1.9000000000000001,430,1.2752747932228314,0.6941193282562163,68.4658178546324
0,-0.015,2.0,430,1.2956988584170088,0.7157240498838392,74.11551084931624
0,-0.015,2.1,430,1.30859450203492,0.7398802769481477,61.184807055439556
0,-0.015,2.2,430,1.3272453770171748,0.7611358133130869,66.12304285632098
0,-0.015,2.3000000000000003,430,1.384618228388562,0.7685697460070462,80.00108705953417
0,-0.015,2.4000000000000004,430,1.374860768132938,0.7786987643910834,64.64087603539615
0,-0.015,2.5,429,1.4125847246743148,0.7925991885785356,41.75812153463154
0,-0.015,2.6,429,1.4299307121995237,0.7999779314890215,86.39333806359086
0,-0.015,2.7,428,1.5747445740879302,0.8054858123878288,73.96423789347631
0,-0.015,2.8000000000000003,427,1.652094514755449,0.8109254845635878,64.88033647221738
0,-0.015,2.9000000000000004,426,1.663328015085221,0.8424118028106814,59.05543423986586
0,-0.015,3.0,426,1.7225820392168814,0.8564722378920152,59.529649679364134
0,-0.015,3.1,426,1.7343542078005847,0.8752017415557274,46.34558467545062
0,-0.015,3.2,425,1.7383375261050036,0.8770682171105458,69.61726975531757
0,-0.015,3.3000000000000003,423,1.6321369832653725,0.8822562604436321,49.557509209746385
0,-0.015,3.4000000000000004,423,1.667011208745408,0.8976701996641252,46.81374442747795
0,-0.015,3.5,423,1.6724894561449448,0.9009352291741982,39.860976021975695
0,-0.015,3.6,423,1.6852060498364483,0.913917047233401,38.00206362054689
0,-0.015,3.7,422,1.5797519309859822,0.9356974536282051,36.08593185980099
0,-0.015,3.8000000000000003,422,1.5865852645250358,0.9562179639713695,36.61394524336356
0,-0.015,3.9000000000000004,422,1.5766396718237892,0.9578130858319666,27.593448899638574
0,-0.015,4.0,422,1.598269154109122,0.9684397705451931,25.842131064243773
0,-0.015,4.1000000000000005,422,1.5935805627746293,0.9542414243788608,21.75942991976723
0,-0.015,4.2,421,1.5988363042233538,0.9634766644742028,26.046378907566726
0,-0.015,4.3,420,1.5982444362763206,0.9657156537607009,28.530690529489192
0,-0.015,4.4,420,1.6151954866223008,0.9665471413775962,31.104389645282566
0,-0.015,4.5,420,1.6073948199698458,0.9536757425951075,24.991365568996418
0,-0.015,4.6000000000000005,420,1.605889137448869,0.9382468899870269,34.01722431857561
0,-0.015,4.7,420,1.6006543258677852,0.9355233338004021,34.85499175640707
0,-0.015,4.800000000000001,420,1.5881069505396508,0.941463028991544,52.009975081434646
0,-0.015,4.9,420,1.6051565750253052,0.9363909819310583,48.94319046493608
0,-0.015,5.0,418,1.5877851315647713,0.9192387026230171,36.91866887256426
0,-0.015,5.1000000000000005,418,1.5865500146581442,0.8909194163432571,31.62957866737781
0,-0.015,5.2,418,1.5509050198473966,0.8543178309025494,26.85199807393618
0,-0.015,5.300000000000001,418,1.5748577702082682,0.8812032251528086,14.834856584594897
0,-0.015,5.4,417,1.5266252069397084,0.8496925654054136,27.546472737110303
0,-0.015,5.5,417,1.5075197095044943,0.8330794801847805,16.658154731364863
0,-0.015,5.6000000000000005,417,1.5059468184092293,0.8272103772134345,22.46737448653502
0,-0.015,5.7,417,1.50390040764968,0.8141842176630458,17.42206552691402
0,-0.015,5.800000000000001,417,1.4846064786171733,0.8099221347152498,16.874034866452888
0,-0.015,5.9,416,1.5018107096487652,0.7788620586270026,9.953592103924406
0,-0.015,6.0,416,1.5005440040154239,0.7834606415540294,15.722311216294269
0,-0.02,0.0,432,0.6037919023035827,0.05150171522325081,31.452240227150615
0,-0.02,0.1,432,0.6359259446468848,0.0803261420667554,36.981940546581534
0,-0.02,0.2,432,0.6720099107557905,0.09851074704583371,21.39074944916168
0,-0.02,0.30000000000000004,432,0.7117968741929823,0.1215246847253319,23.244605344887574
0,-0.02,0.4,432,0.7366160118613069,0.14743334705841066,28.707326361855674
0,-0.02,0.5,432,0.7956010830124074,0.1666190759757146,27.73507916525356
0,-0.02,0.6000000000000001,432,0.8388318123469714,0.19628584263427643,45.46876935646846
0,-0.02,0.7000000000000001,432,0.8766321859692234,0.21933646611322957,31.729503779894202
0,-0.02,0.8,432,0.9459633177152738,0.24405169013368277,34.347053027514434
0,-0.02,0.9,432,1.0101327431267801,0.2716739527668594,28.352483418281608
0,-0.02,1.0,432,1.0450464781151156,0.2903949427270895,24.150540077276325
0,-0.02,1.1,432,1.0811667362238286,0.34048623801880484,47.51964659039752
0,-0.02,1.2000000000000002,432,1.1097708652533569,0.37611371058821735,44.94707660306404
0,-0.02,1.3,431,1.1460441075102485,0.4222200067695422,58.63063356755565
0,-0.02,1.4000000000000001,431,1.171326566108336,0.4624489503239815,61.132313113539375
0,-0.02,1.5,431,1.195286176932033,0.5026278319863132,64.78330379615835
0,-0.02,1.6,431,1.209925881973235,0.5512699201960941,77.65108917009847
0,-0.02,1.7000000000000002,431,1.2097685708610075,0.5912087060759615,58.58478110807287
0,-0.02,1.8,431,1.2110763127609179,0.6078335076799845,69.48133139523088
0,-0.02,1.9000000000000001,431,1.2114902594987598,0.6231780452670003,78.3680536594688
0,-0.02,2.0,431,1.2359545850978533,0.6448389659955364,64.64790689202358
0,-0.02,2.1,431,1.2768748971674473,0.6786179086725259,83.73771905206841
0,-0.02,2.2,430,1.2759680864819347,0.6963268075488076,65.00178066539371
0,-0.02,2.3000000000000003,430,1.2915413361441834,0.7118712549899749,64.82602284816865
0,-0.02,2.4000000000000004,430,1.2966807280265173,0.722391106743859,64.50016168244731
0,-0.02,2.5,430,1.3076537582620982,0.7414057251047842,81.43112157382413
0,-0.02,2.6,430,1.3201615121995645,0.7601248306278606,76.47236499907395
0,-0.02,2.7,429,1.3261690916260338,0.7847576559611527,70.73706198337864
0,-0.02,2.8000000000000003,429,1.3334286970080937,0.7828549149375612,52.738215161077285
0,-0.02,2.9000000000000004,429,1.3557920363630105,0.7882850800899914,50.92207001759578
0,-0.02,3.0,428,1.4665707996607864,0.7873485311042079,56.05708396345894
0,-0.02,3.1,427,1.4964811402350464,0.7640480701410927,60.13690959630937
0,-0.02,3.2,427,1.526708864043657,0.7900188782945305,43.57509719449678
0,-0.02,3.3000000000000003,427,1.5466515007275985,0.8014277009601787,75.58020156810588
0,-0.02,3.4000000000000004,427,1.570078107976676,0.813674114259623,89.63744124318747
0,-0.02,3.5,427,1.6690816164095785,0.8071443937842263,75.24231967789196
0,-0.02,3.6,426,1.6862224186667014,0.8170079773895144,60.0890169549926
0,-0.02,3.7,425,1.7078250021101071,0.8133176293736287,27.262044221573927
0,-0.02,3.8000000000000003,425,1.7328946151541518,0.8248623816075374,38.23671778284589
0,-0.02,3.9000000000000004,425,1.8475442375067537,0.8457315707930669,42.12477352727644
0,-0.02,4.0,425,1.8594771868838071,0.8741005609846021,23.51516557392131
0,-0.02,4.1000000000000005,424,1.7911785725496967,0.8836339004153733,41.21371794251989
0,-0.02,4.2,423,1.6879132196989055,0.8959763460967234,17.346820312893044
0,-0.02,4.3,423,1.709728963600298,0.9102508419854215,56.71011152397203
0,-0.02,4.4,423,1.733624056298067,0.9272090883122431,70.6351227102947
0,-0.02,4.5,422,1.5973226275634915,0.9350679217171451,45.75244599392237
0,-0.02,4.6000000000000005,422,1.5916961189814796,0.9399781107762336,51.632215523787934
0,-0.02,4.7,422,1.6132806187549138,0.9570595226617866,61.99724902444466
0,-0.02,4.800000000000001,422,1.6234154124390088,0.9680817742410134,40.02850281180844
0,-0.02,4.9,422,1.6517494736786897,0.9884385364574434,45.75388005824741
0,-0.02,5.0,422,1.644315194030749,0.9909041012005148,34.70554647338719
0,-0.02,5.1000000000000005,421,1.6358183461054825,0.9882814248436209,38.65611527076873
0,-0.02,5.2,419,1.6395269700790163,0.9568659858755021,29.961394546151574
0,-0.02,5.300000000000001,418,1.6427320727577914,0.9436451619277655,20.239571552988338
0,-0.02,5.4,418,1.6520411160183406,0.9423430162728818,21.181715729625157
0,-0.02,5.5,418,1.643011534223365,0.9320006583714433,12.427904365381945
0,-0.02,5.6000000000000005,418,1.6376220248734354,0.9304283716708845,9.414903417612614
0,-0.02,5.7,417,1.617843863486655,0.9091439604251456,27.2039459145408
0,-0.02,5.800000000000001,417,1.614538737858975,0.9004771970734988,38.53379597374311
0,-0.02,5.9,417,1.5803394092813239,0.8620688550823845,12.486046975704445
0,-0.02,6.0,417,1.5804611405133,0.8814983772252359,24.0173101130411
0,-0.025,0.0,432,0.6037919023035827,0.05150171522325081,31.452240227150615
0,-0.025,0.1,432,0.6338943418787059,0.07925929507562163,29.736335821043227
0,-0.025,0.2,432,0.6670558841808857,0.0961166254038092,25.917619415676196
0,-0.025,0.30000000000000004,432,0.6905727838837227,0.11976227102565504,25.04000671967436
0,-0.025,0.4,432,0.7226760605940518,0.13756075664553072,21.91618530805956
0,-0.025,0.5,432,0.7692915917598658,0.1604853282399137,27.325216582723844
0,-0.025,0.6000000000000001,432,0.8159930897018517,0.1721212622348082,27.888251714323907
0,-0.025,0.7000000000000001,432,0.847542274692343,0.19553898726662916,28.88130176613463
0,-0.025,0.8,432,0.8828883368562542,0.21872179133932793,31.125406784484905
0,-0.025,0.9,432,0.9461379615936756,0.24030227129286835,32.341346233156045
0,-0.025,1.0,432,0.9986866517966758,0.25421807240646277,26.654493060909935
0,-0.025,1.1,432,1.0440972077823372,0.28180192327068126,28.637748075459303
0,-0.025,1.2000000000000002,432,1.0771429615729302,0.301731924821105,26.6738476177543
0,-0.025,1.3,432,1.101332359002917,0.3486730791074102,32.84313463875619
0,-0.025,1.4000000000000001,432,1.1203789598374732,0.3913510667265243,49.544256687379196
0,-0.025,1.5,432,1.1460144736003717,0.415493347994167,45.28635055849085
0,-0.025,1.6,431,1.1796216004196733,0.4444292553001555,67.3046974325934
0,-0.025,1.7000000000000002,431,1.1992021773907633,0.49431474245481005,60.4970169462915
0,-0.025,1.8,431,1.2047399964717918,0.5239880757191011,63.72638756496184
0,-0.025,1.9000000000000001,431,1.2102466820899695,0.5797585981197477,69.04604113950535
0,-0.025,2.0,431,1.2251919125971356,0.6121840088876258,68.28044220881512
0,-0.025,2.1,431,1.2326617177562595,0.6245470547470214,60.974704338631895
0,-0.025,2.2,431,1.2320005404682015,0.6357163455226842,77.01780622884438
0,-0.025,2.3000000000000003,431,1.2464667464560422,0.6642061060242336,72.8574003320882
0,-0.025,2.4000000000000004,431,1.2615687985284092,0.6749228086478506,73.82882720968877
0,-0.025,2.5,430,1.2801711373134328,0.6999616295553224,80.91140071675667
0,-0.025,2.6,430,1.285697459697097,0.6962231653798284,74.45695913609909
0,-0.025,2.7,430,1.2961612174336068,0.7168201357386592,67.98835540871434
0,-0.025,2.8000000000000003,430,1.3026380216695976,0.7263201865560022,69.777840690159
0,-0.025,2.9000000000000004,429,1.3127666545463863,0.7477938486668767,60.43932594416365
0,-0.025,3.0,429,1.3211883132945381,0.7696081038708734,61.78617664603042
0,-0.025,3.1,429,1.3285629833804957,0.7725503114184472,71.56506116529407
0,-0.025,3.2,429,1.3250000716925487,0.775782192118807,57.41752387562644
0,-0.025,3.3000000000000003,427,1.4443198040433243,0.769218614239208,49.221159561091646
0,-0.025,3.4000000000000004,427,1.451414635480359,0.7889659304657693,51.44506707175746
0,-0.025,3.5,427,1.451772500744243,0.7893786502692354,52.21476233455639
0,-0.025,3.6,427,1.4598125948273695,0.79592016304761,42.234111383301375
0,-0.025,3.7,427,1.4625270869711733,0.7903632265181527,50.36767641323173
0,-0.025,3.8000000000000003,427,1.5361852443906934,0.796652847767333,45.75113925606202
0,-0.025,3.9000000000000004,427,1.540055566196504,0.770359924445279,76.61900758246993
0,-0.025,4.0,426,1.5484379617440862,0.7696938312252067,45.56606223657388
0,-0.025,4.1000000000000005,426,1.5708388115306466,0.7736862003997402,32.66343197369585
0,-0.025,4.2,426,1.6500154239651883,0.7864137330346292,32.43771068660483
0,-0.025,4.3,426,1.7416983066356249,0.7856685194256875,30.06048818998714
0,-0.025,4.4,426,1.7599445513756333,0.7947039572263594,35.87165397497061
0,-0.025,4.5,425,1.7263441454634252,0.8129800100358711,30.64530285303042
0,-0.025,4.6000000000000005,425,1.8259710824042834,0.8099645254766518,31.108406660492832
0,-0.025,4.7,425,1.8469462533642091,0.835308360165024,46.978129016139576
0,-0.025,4.800000000000001,425,1.8977399105878043,0.8632508176478878,40.2278224883761
0,-0.025,4.9,424,1.8066095733684107,0.8808067402952897,25.2580515585832
0,-0.025,5.0,423,1.7072432955199566,0.8847310198395223,60.11486417127877
0,-0.025,5.1000000000000005,423,1.72732592021367,0.8990915132034596,46.20185384881332
0,-0.025,5.2,423,1.7567211943954777,0.9248178054486947,62.221247234273534
0,-0.025,5.300000000000001,422,1.6140415926117821,0.9339368449055989,82.78562182611542
0,-0.025,5.4,420,1.5984069882114884,0.9135156851932775,47.46082684749734
0,-0.025,5.5,420,1.6059259113406215,0.9177613651891364,45.89092545522139
0,-0.025,5.6000000000000005,420,1.6083401684312002,0.9139663235921718,44.37800880321297
0,-0.025,5.7,420,1.6234735702870255,0.9227991941264881,64.48087277353163
0,-0.025,5.800000000000001,420,1.646598326532927,0.929625225954972,52.39379449695692
0,-0.025,5.9,420,1.624831541213475,0.9086279175894394,36.574036317686826
0,-0.025,6.0,419,1.6436125843119636,0.9100371142076984,40.98330815924874
0,-0.03,0.0,432,0.6037919023035827,0.05150171522325081,31.452240227150615
0,-0.03,0.1,432,0.633167534116716,0.07363210465863512,29.076063083067247
0,-0.03,0.2,432,0.6541235963823959,0.09181152738922745,21.081337794919207
0,-0.03,0.30000000000000004,432,0.6821224020452413,0.11430443454306206,28.73328244839663
0,-0.03,0.4,432,0.7143526052682581,0.12643169001524124,25.59254402293978
0,-0.03,0.5,432,0.7488967053960094,0.14438103807785352,28.27220798173851
0,-0.03,0.6000000000000001,432,0.7943188607232038,0.1649434983183921,26.117963463782793
0,-0.03,0.7000000000000001,432,0.8213331908944075,0.18085766735711617,30.69338750587718
0,-0.03,0.8,432,0.8551681564630863,0.1975417505907005,31.104071695587784
0,-0.03,0.9,432,0.8932128122294536,0.2193046347369094,31.11091498998717
0,-0.03,1.0,432,0.9460565457566159,0.2358758181460371,29.785462597891502
0,-0.03,1.1,432,0.9884810962627314,0.24481979583916805,29.3676629108287
0,-0.03,1.2000000000000002,432,1.0382318922393965,0.2718613744487432,23.95057117795956
0,-0.03,1.3,432,1.06863749136531,0.291532707112808,24.08218743828763
0,-0.03,1.4000000000000001,432,1.1000447031243692,0.32421024130310594,42.46249620191333
0,-0.03,1.5,432,1.1112001057356609,0.354642139432,38.835654021094086
0,-0.03,1.6,432,1.1255608816833134,0.39354367277453833,54.020818523346996
0,-0.03,1.7000000000000002,432,1.1647292264515097,0.4106473532604888,50.70393586449422
0,-0.03,1.8,432,1.178238707253084,0.4401944255327116,66.28125858251364
0,-0.03,1.9000000000000001,431,1.1908957585018838,0.4804051988302325,66.8029102488617
0,-0.03,2.0,431,1.2021902345955449,0.5128312823961865,74.63929920395694
0,-0.03,2.1,431,1.222704142097531,0.559130214670453,66.9944583085799
0,-0.03,2.2,431,1.22677870651021,0.5880444727074995,91.49210589794795
0,-0.03,2.3000000000000003,431,1.2367173321707332,0.6235840556773229,86.04104561570796
0,-0.03,2.4000000000000004,431,1.2377605297452547,0.6313683805626206,79.39546355253387
0,-0.03,2.5,431,1.2508638038958626,0.657489513725501,75.37562029612626
0,-0.03,2.6,431,1.2513626431954226,0.6703186895026484,74.87946854350257
0,-0.03,2.7,431,1.2576425264486335,0.6842670383143561,79.42047613016845
0,-0.03,2.8000000000000003,431,1.2950112429942535,0.7074076949126976,77.28456542956948
0,-0.03,2.9000000000000004,430,1.290196876768946,0.7027317908473993,82.04257897388719
0,-0.03,3.0,430,1.2919102390917268,0.7130925405825153,111.97887775401573
0,-0.03,3.1,429,1.3094098682759419,0.7106336738402677,95.41742637338494
0,-0.03,3.2,429,1.312346291004771,0.7331406813395531,89.41282834929319
0,-0.03,3.3000000000000003,429,1.315442103091472,0.7458295787712635,61.85863068509069
0,-0.03,3.4000000000000004,428,1.313225040744639,0.756821249589549,54.47071147647192
0,-0.03,3.5,428,1.316141971821265,0.762472713554469,60.76972993588899
0,-0.03,3.6,428,1.4376079358884994,0.7758713627636841,58.69998397085713
0,-0.03,3.7,427,1.437986701235282,0.7801121390543532,46.17294732824156
0,-0.03,3.8000000000000003,427,1.4452019183623517,0.7876798296061195,48.41274595176479
0,-0.03,3.9000000000000004,427,1.4450311019585032,0.7940742798686026,49.917150353704145
0,-0.03,4.0,427,1.4541326146453957,0.7939365689797035,60.357366796977516
0,-0.03,4.1000000000000005,427,1.4621996620487032,0.7866174723267002,59.286383319811094
0,-0.03,4.2,427,1.472636822818805,0.7815017724537143,48.807550967800196
0,-0.03,4.3,426,1.4744398861934682,0.7652692574659503,43.98256077627672
0,-0.03,4.4,426,1.479764127659813,0.7614248694863627,64.85927598747621
0,-0.03,4.5,426,1.5270465293640816,0.7619080456973982,58.50889451483913
0,-0.03,4.6000000000000005,426,1.5282913820257271,0.7626419972529698,56.47014685651816
0,-0.03,4.7,426,1.5505313725403607,0.7703644942776982,33.27262007099015
0,-0.03,4.800000000000001,426,1.5629466819669977,0.7531737147790751,36.56326758251857
0,-0.03,4.9,426,1.6416693612628097,0.753449764423452,60.79556214032642
0,-0.03,5.0,426,1.7293768228785267,0.7530431905747893,22.16153565192043
0,-0.03,5.1000000000000005,426,1.7611181583075626,0.7586365664641528,41.825257827273575
0,-0.03,5.2,426,1.791275913601344,0.7817802066801339,41.37538257331765
0,-0.03,5.300000000000001,426,1.9105633551959529,0.794873978002337,38.95506543531988
0,-0.03,5.4,425,1.8425475263547977,0.8317786791751148,60.8324448816201
0,-0.03,5.5,425,1.8779231909402174,0.8555267368699948,41.459489348876815
0,-0.03,5.6000000000000005,424,1.9070947352489616,0.8482572504396151,39.70426775311286
0,-0.03,5.7,422,1.7901603516665998,0.8361650503445561,50.12393225407383
0,-0.03,5.800000000000001,421,1.6787093142531264,0.8435543251314471,61.200779964507454
0,-0.03,5.9,421,1.7095468196020827,0.8460993817006655,51.35042104851097
0,-0.03,6.0,421,1.7252994329097722,0.8474451908531385,54.884479932432804
0,-0.035,0.0,432,0.6037919023035827,0.05150171522325081,31.452240227150615
0,-0.035,0.1,432,0.6344213997338348,0.07416184783619437,36.04456163461775
0,-0.035,0.2,432,0.6498923121096752,0.0886791273366068,23.71318442731394
0,-0.035,0.30000000000000004,432,0.6749403647748735,0.11009029752084826,26.439714288043298
0,-0.035,0.4,432,0.7076109678848725,0.12249108470293256,25.07034962397264
0,-0.035,0.5,432,0.7363842550140293,0.13808489736589122,28.561910039225832
0,-0.035,0.6000000000000001,432,0.7800742347712992,0.15746996904289493,25.404373986855866
0,-0.035,0.7000000000000001,432,0.8020274281511006,0.1691607787050293,27.658273252042694
0,-0.035,0.8,432,0.8323582152892968,0.18769055172345595,27.62978538565349
0,-0.035,0.9,432,0.8749561827152456,0.19880505267924248,31.25297538892136
0,-0.035,1.0,432,0.9091217779390617,0.21478291671874114,30.472191652229746
0,-0.035,1.1,432,0.9499622509895439,0.23370942999145217,29.99944739239489
0,-0.035,1.2000000000000002,432,0.9820231708658681,0.24028724512870372,26.93006343544324
0,-0.035,1.3,432,1.0352494727989037,0.26267893802127484,29.34680738688479
0,-0.035,1.4000000000000001,432,1.0592852651031852,0.27620407116569273,24.734401544231375
0,-0.035,1.5,432,1.0890679801223146,0.3194427822487101,43.14728346792727
0,-0.035,1.6,432,1.1049894904394502,0.3414026019090413,45.56913155454469
0,-0.035,1.7000000000000002,432,1.1196501494689735,0.3651914892129418,53.316413283291475
0,-0.035,1.8,432,1.134292303649432,0.38912728415640985,50.70680792100626
0,-0.035,1.9000000000000001,432,1.1703485374463356,0.4156751533759984,53.82960879314694
0,-0.035,2.0,432,1.1789526971866826,0.43090580014251995,51.315445254905434
0,-0.035,2.1,432,1.184916300522268,0.47238533587107584,47.90127840665554
0,-0.035,2.2,431,1.2100505708613,0.5038160016619632,57.93156412506659
0,-0.035,2.3000000000000003,431,1.2196443715783118,0.5347414035116143,58.154973295607704
0,-0.035,2.4000000000000004,431,1.2287105052096639,0.5727570161605307,71.11251321263782
0,-0.035,2.5,431,1.2323656664669984,0.6013929236205211,65.41761847545071
0,-0.035,2.6,431,1.2419555733814265,0.6252733958375347,71.16973552562118
0,-0.035,2.7,431,1.2475253048424524,0.6520395552645011,80.75885768165443
0,-0.035,2.8000000000000003,431,1.2545989414038476,0.66874329735084,85.71781785829569
0,-0.035,2.9000000000000004,431,1.25814515742675,0.6828817004057391,62.77779123241781
0,-0.035,3.0,431,1.260935616518901,0.6869625556514435,62.546491976492625
0,-0.035,3.1,431,1.2700916234463215,0.6886210020088505,57.27985630705221
0,-0.035,3.2,430,1.414708933467132,0.6874712456601504,72.04547783083447
0,-0.035,3.3000000000000003,429,1.3020047756006745,0.7106020577165002,79.71917825126238
0,-0.035,3.4000000000000004,429,1.301210152418209,0.7157880995750023,72.11896603786158
0,-0.035,3.5,429,1.3156242987759543,0.7329996811744791,95.95704449532863
0,-0.035,3.6,428,1.3115261297585055,0.7384194365862818,100.75049684926212
0,-0.035,3.7,428,1.3135162687781468,0.7499934221797667,94.89835162072431
0,-0.035,3.8000000000000003,428,1.3142914495195062,0.750673814831898,67.73753179039957
0,-0.035,3.9000000000000004,428,1.4297700582873107,0.7614566402831118,62.2832648460345
0,-0.035,4.0,428,1.4302144463116278,0.7739568680028591,55.701766136526466
0,-0.035,4.1000000000000005,428,1.451496311724943,0.7764992968211852,52.4067640754848
0,-0.035,4.2,428,1.4539964780597034,0.7768455992639522,53.03806366325591
0,-0.035,4.3,427,1.4398606540487873,0.7823155985653334,45.209566450030856
0,-0.035,4.4,427,1.4468428627579675,0.7837922162028889,45.76304572689185
0,-0.035,4.5,427,1.450844494030346,0.7749727709337212,47.26727256123714
0,-0.035,4.6000000000000005,427,1.4612407802817966,0.7788921040955327,59.51396251619072
0,-0.035,4.7,427,1.4967390417031203,0.7715214041989756,59.00388145308381
0,-0.035,4.800000000000001,426,1.457448700344194,0.7655150084085253,60.804107873067956
0,-0.035,4.9,426,1.4631899049464112,0.7554164862091668,62.584122938965294
0,-0.035,5.0,426,1.4760442741368645,0.7543581857052943,50.74881462128196
0,-0.035,5.1000000000000005,426,1.4830914270515747,0.7485371776490508,23.088244617710515
0,-0.035,5.2,426,1.5353842693341844,0.7441044579793357,70.65964769778712
0,-0.035,5.300000000000001,426,1.5428042260116417,0.7489208432335426,41.38848896304804
0,-0.035,5.4,426,1.5521820457385191,0.7504191601218428,28.848899821906016
0,-0.035,5.5,426,1.558102959705401,0.7461139737577673,40.620630109556295
0,-0.035,5.6000000000000005,426,1.64388559952484,0.7523642068524101,28.605683683341827
0,-0.035,5.7,425,1.7113362891860227,0.7492738679545741,29.06635229695008
0,-0.035,5.800000000000001,425,1.7308350209217682,0.7613558172474677,33.65175825614953
0,-0.035,5.9,424,1.7550706755467553,0.7681253367900701,36.18121199301885
0,-0.035,6.0,424,1.8785603624430631,0.7728492795361545,48.19527230913836
0,-0.04,0.0,432,0.6037919023035827,0.05150171522325081,31.452240227150615
0,-0.04,0.1,432,0.6325565141410505,0.07251943569527591,34.12152110613088
0,-0.04,0.2,432,0.6468498188604195,0.08689662303583044,25.897649172309144
0,-0.04,0.30000000000000004,432,0.6710332874666882,0.10872343049531644,28.82244807706796
0,-0.04,0.4,432,0.6912386827669246,0.11838591472010915,22.63672305742552
0,-0.04,0.5,432,0.7335515606639396,0.13070473376924865,24.67600797097513
0,-0.04,0.6000000000000001,432,0.7652833698890866,0.15280023109312685,25.877078219900945
0,-0.04,0.7000000000000001,432,0.7955784233188725,0.15902908590195858,28.261775748051036
0,-0.04,0.8,432,0.8121500323148676,0.1734919512847798,27.151865402942157
0,-0.04,0.9,432,0.8474679226783663,0.1900016036939117,28.167079741676115
0,-0.04,1.0,432,0.8755559351661089,0.20269013920095916,34.66383752101412
0,-0.04,1.1,432,0.9072581666085558,0.21380638173284758,30.945969385746075
0,-0.04,1.2000000000000002,432,0.9410847547872364,0.22451712148289696,27.408491526300892
0,-0.04,1.3,432,0.9752744292305214,0.23460035310983313,31.168098760052874
0,-0.04,1.4000000000000001,432,1.0188403863492217,0.2580551867247217,30.978170079390054
0,-0.04,1.5,432,1.0518094259492736,0.27121091990214813,24.96763822912192
0,-0.04,1.6,432,1.0743355019378291,0.29229691801875524,25.546887046245615
0,-0.04,1.7000000000000002,432,1.1047075066685843,0.3300212076119325,40.53457916458986
0,-0.04,1.8,432,1.1154182634147187,0.3529141020222722,49.6326991119976
0,-0.04,1.9000000000000001,432,1.1280924532660415,0.36873270555276677,48.61744259051592
0,-0.04,2.0,432,1.1438830197166874,0.38960943618062605,49.817648543700386
0,-0.04,2.1,432,1.1744231442934998,0.4135806393136617,48.04771755428086
0,-0.04,2.2,432,1.1942136856456835,0.4270409868501848,52.96573615824335
0,-0.04,2.3000000000000003,432,1.199167814486897,0.4687202872656978,57.32605016965484
0,-0.04,2.4000000000000004,432,1.2033818368588622,0.48634734434962906,68.27516586269948
0,-0.04,2.5,431,1.2137166822253793,0.5242553971361885,69.24069747697689
0,-0.04,2.6,431,1.224670012857543,0.5506056256820332,61.21423488479105
0,-0.04,2.7,431,1.2362385268676976,0.5798536859755372,65.95229927087549
0,-0.04,2.8000000000000003,431,1.2393396608513063,0.6137476701449879,58.32850300124409
0,-0.04,2.9000000000000004,431,1.244456961476676,0.6390572515462798,58.27278080391556
0,-0.04,3.0,431,1.2551333867482306,0.6639674799102329,72.86673234950727
0,-0.04,3.1,431,1.2587893049510221,0.6767936040811199,105.76661938019934
0,-0.04,3.2,431,1.2652081502079697,0.6945186566419985,79.50486636894857
0,-0.04,3.3000000000000003,431,1.2704315084317486,0.6872984181201822,53.388930220886614
0,-0.04,3.4000000000000004,431,1.398314053914481,0.6895624645547171,74.50042747351448
0,-0.04,3.5,431,1.4165078925323609,0.6894354864360762,88.53037647607749
0,-0.04,3.6,429,1.296212109806985,0.7042371311183326,90.59129807015026
0,-0.04,3.7,429,1.3145401624655737,0.7241902486846544,81.35832833489012
0,-0.04,3.8000000000000003,428,1.295658440623104,0.7395931681129737,72.98518394079177
0,-0.04,3.9000000000000004,428,1.3100137932601523,0.7380535940620605,78.62155564985814
0,-0.04,4.0,428,1.3146624051165725,0.7338626354718601,96.90110138774105
0,-0.04,4.1000000000000005,428,1.3123032835910204,0.7440638098068981,86.20945245279356
0,-0.04,4.2,428,1.4357927607031757,0.756630485293258,93.99240265369927
0,-0.04,4.3,428,1.4338425261112324,0.7713352113225449,75.71941473250588
0,-0.04,4.4,428,1.4331598918766255,0.761984098564053,58.75833734641675
0,-0.04,4.5,428,1.4492561526462637,0.7677824427547453,59.2488735579251
0,-0.04,4.6000000000000005,428,1.452692880388254,0.7660720095451784,44.31762795423486
0,-0.04,4.7,428,1.4522338654894242,0.767188380447214,56.033486792732425
0,-0.04,4.800000000000001,428,1.4535113453184563,0.7662007523192572,51.83308941348036
0,-0.04,4.9,427,1.447034682443253,0.7757020872582736,64.30612940686336
0,-0.04,5.0,427,1.4719929559769214,0.7763852581305091,49.17223566759626
0,-0.04,5.1000000000000005,427,1.4650713706433258,0.7585169690234397,49.50158740636887
0,-0.04,5.2,427,1.4840245698328363,0.75918976559839,40.87774243072536
0,-0.04,5.300000000000001,427,1.4903635302579357,0.7539190859299593,37.81161850339877
0,-0.04,5.4,427,1.4945033729298935,0.74154840420638,62.28274263735187
0,-0.04,5.5,426,1.4696890154808349,0.740974428247211,58.559009156792264
0,-0.04,5.6000000000000005,426,1.4702380066016887,0.7490263386254438,46.948501412390506
0,-0.04,5.7,426,1.4867880967133282,0.7488727056505711,42.10090969079511
0,-0.04,5.800000000000001,426,1.49430644202799,0.746476998124455,39.060403902027886
0,-0.04,5.9,425,1.4811110129159748,0.7402291404066416,26.111631322394572
0,-0.04,6.0,425,1.5425264897563526,0.7531356016466579,35.03599313723233
0,-0.045,0.0,432,0.6037919023035827,0.05150171522325081,31.452240227150615
0,-0.045,0.1,432,0.6311388427179119,0.07173360364357825,35.221022311151515
0,-0.045,0.2,432,0.6492488852094097,0.08794259301913458,27.710020024090138
0,-0.045,0.30000000000000004,432,0.6663093168206446,0.10608379469592068,24.626388470834172
0,-0.045,0.4,432,0.6780519400029776,0.11175751788553248,18.95985645245953
0,-0.045,0.5,432,0.7270839962726007,0.12786667888691094,26.39388940336842
0,-0.045,0.6000000000000001,432,0.7530904734707631,0.14467553204677477,24.205240179564647
0,-0.045,0.7000000000000001,432,0.7790065054459079,0.1529862432067306,24.75174705089101
0,-0.045,0.8,432,0.8022224553309544,0.16164228755484605,30.843271735007374
0,-0.045,0.9,432,0.8213520220838354,0.17844097351091892,26.95910906178845
0,-0.045,1.0,432,0.8541292773202196,0.19133761862392085,31.575598750710963
0,-0.045,1.1,432,0.8788134825226023,0.2019921943929889,27.790459719934695
0,-0.045,1.2000000000000002,432,0.9122137124424272,0.20995881414799347,27.760910049044124
0,-0.045,1.3,432,0.936297491059934,0.2196843273261054,30.953722234916963
0,-0.045,1.4000000000000001,432,0.9810595541329863,0.23133961635034084,26.775299779975857
0,-0.045,1.5,432,1.0119432337380128,0.25275608703390795,30.92629680852438
0,-0.045,1.6,432,1.0505657165045035,0.2658452916288841,28.38311422115364
0,-0.045,1.7000000000000002,432,1.0699961814812755,0.28277802755598125,25.844436950900427
0,-0.045,1.8,432,1.092753516306116,0.3180488614918324,38.20571526892539
0,-0.045,1.9000000000000001,432,1.1106773347491607,0.34213641786065957,52.71792120895164
0,-0.045,2.0,432,1.1245258267909741,0.3602780982735328,55.669707567930026
0,-0.045,2.1,432,1.1368649137862499,0.37222848520342616,50.96272607067807
0,-0.045,2.2,432,1.164657202258961,0.38980392961653937,54.106417771145026
0,-0.045,2.3000000000000003,432,1.1837890893989702,0.4110790498594134,33.58210020325142
0,-0.045,2.4000000000000004,432,1.1928519418351868,0.4315255172734997,60.11458464724266
0,-0.045,2.5,432,1.2036004908634272,0.4634415746196355,59.636187465888966
0,-0.045,2.6,432,1.2040593220650162,0.4810091449604333,56.310720177347285
0,-0.045,2.7,432,1.2080521337788397,0.5060146706908241,52.826129836184904
0,-0.045,2.8000000000000003,432,1.21941565899961,0.5245535620705856,67.45261650607648
0,-0.045,2.9000000000000004,431,1.2332748621974636,0.5632688867033186,74.69786779390873
0,-0.045,3.0,431,1.240199818876908,0.5906488285794704,68.47001058061267
0,-0.045,3.1,431,1.2424262596986255,0.6308880042343651,69.13162185118306
0,-0.045,3.2,431,1.2462486961692516,0.6492177900555384,61.36613650267667
0,-0.045,3.3000000000000003,431,1.2588760937221575,0.6689224611088478,76.13851828219414
0,-0.045,3.4000000000000004,431,1.2664142990794232,0.6825427050239263,87.47257965992134
0,-0.045,3.5,431,1.273943801140524,0.6900523805750881,80.17462966718267
0,-0.045,3.6,431,1.4003746905416123,0.6875217018460398,79.15922980530101
0,-0.045,3.7,431,1.4147371265073478,0.6943733602350068,70.59404217081124
0,-0.045,3.8000000000000003,430,1.2815911131450297,0.6886182106136516,68.40891385648213
0,-0.045,3.9000000000000004,428,1.2673633208511916,0.6928791808660801,69.317166090121
0,-0.045,4.0,428,1.2913284945494747,0.7242789608856831,69.01085672828442
0,-0.045,4.1000000000000005,428,1.2997929873499874,0.7286577385817513,71.67713900838385
0,-0.045,4.2,428,1.3102000321203235,0.7314646590039234,60.51176085032869
0,-0.045,4.3,428,1.316782571518435,0.7338676209130923,68.82114570151526
0,-0.045,4.4,428,1.3232870555498024,0.7425812064806584,70.55599933860096
0,-0.045,4.5,428,1.4303444982111189,0.7545125583047811,88.81622006714731
0,-0.045,4.6000000000000005,428,1.4251302232571341,0.752645446153145,73.11271701080356
0,-0.045,4.7,428,1.4357690393323572,0.768203975192493,68.15360661165694
0,-0.045,4.800000000000001,428,1.4405274074526275,0.765478707793973,66.03284175540202
0,-0.045,4.9,428,1.4470327704892254,0.7561061063976063,47.95227913851358
0,-0.045,5.0,428,1.4529318592942095,0.7649578271125609,40.98273558468538
0,-0.045,5.1000000000000005,428,1.4508727674824338,0.7520101599279544,57.5595458728572
0,-0.045,5.2,428,1.4530236796440996,0.7531267424824621,58.41453927224862
0,-0.045,5.300000000000001,428,1.459129477854026,0.7692157493946035,53.80716561651177
0,-0.045,5.4,428,1.4768925465017315,0.7560528218462216,47.889987577174224
0,-0.045,5.5,427,1.461883955487104,0.7488216274679343,57.83340666990573
0,-0.045,5.6000000000000005,427,1.4610449241371266,0.7475411560733296,51.99622593724906
0,-0.045,5.7,427,1.4640998739779434,0.7413467507620273,37.13239524728249
0,-0.045,5.800000000000001,427,1.4727732945011747,0.7407173623129493,52.16743997146781
0,-0.045,5.9,427,1.4945900759216484,0.7432972348912101,49.09459134151965
0,-0.045,6.0,427,1.4997847987701918,0.7477335974417484,47.4647293122289
0,-0.05,0.0,432,0.6037919023035827,0.05150171522325081,31.452240227150615
0,-0.05,0.1,432,0.6339425829880873,0.07344845424115565,27.380825256779534
0,-0.05,0.2,432,0.6415082448800237,0.08599498156429507,30.168149238369082
0,-0.05,0.30000000000000004,432,0.6602148954385447,0.10270161775735938,23.063079510732905
0,-0.05,0.4,432,0.6758606417541132,0.11039615046844445,17.830533298496203
0,-0.05,0.5,432,0.7125470370341284,0.11877259170374861,24.834864545257563
0,-0.05,0.6000000000000001,432,0.7409759704286097,0.1335670258892828,25.208630694955026
0,-0.05,0.7000000000000001,432,0.7611958857238826,0.14643379244655558,22.338204540565965
0,-0.05,0.8,432,0.7863343109598491,0.1564517231947175,27.516614404306953
0,-0.05,0.9,432,0.8084579089729209,0.16606630817564436,30.068355397097996
0,-0.05,1.0,432,0.8332171907459336,0.18375702306710193,31.223788461724048
0,-0.05,1.1,432,0.8562249308900002,0.19159549858830013,31.111260803901768
0,-0.05,1.2000000000000002,432,0.8831166376918632,0.20820149547089006,30.158386162864804
0,-0.05,1.3,432,0.9126040594834328,0.20676418961005819,30.92963212918929
0,-0.05,1.4000000000000001,432,0.9347700859141003,0.215780783476243,27.874416984108578
0,-0.05,1.5,432,0.977943036283269,0.2284345745892832,26.988099210946338
0,-0.05,1.6,432,1.0007756406534842,0.2531399619169428,34.110328583491516
0,-0.05,1.7000000000000002,432,1.0362486269258842,0.2646551512797244,34.63667965721817
0,-0.05,1.8,432,1.0525887151956501,0.2756453061515535,26.93223221509379
0,-0.05,1.9000000000000001,432,1.0771332859829543,0.3040580453422108,39.285083476038544
0,-0.05,2.0,432,1.1031703016909682,0.32472704621141735,41.37674419626573
0,-0.05,2.1,432,1.117971023044844,0.3460799552021652,51.67467341863147
0,-0.05,2.2,432,1.1333958045588808,0.36617414344612353,54.81082446092837
0,-0.05,2.3000000000000003,432,1.148592118352466,0.3764394170102197,50.82291810501395
0,-0.05,2.4000000000000004,432,1.1799751146651078,0.3852152617618389,49.86672113767996
0,-0.05,2.5,432,1.1854923274858866,0.4084260415240189,41.44094021923857
0,-0.05,2.6,432,1.1977697504404874,0.4277298840206239,37.18989698522443
0,-0.05,2.7,432,1.2036725998443858,0.4615541717644877,37.99640331020245
0,-0.05,2.8000000000000003,432,1.2036994923248867,0.4701773425570585,46.648747593699284
0,-0.05,2.9000000000000004,432,1.2127348476460753,0.491169752519111,52.31808384679163
0,-0.05,3.0,432,1.2163247631094374,0.5131316171253645,57.27213281567898
0,-0.05,3.1,432,1.2231653622368779,0.5535863041633718,61.177715545983865
0,-0.05,3.2,431,1.2360609893116887,0.5846596219874892,61.5141479964246
0,-0.05,3.3000000000000003,431,1.2444850357958963,0.604547060476016,70.76816522049178
0,-0.05,3.4000000000000004,431,1.245237841514828,0.6373623482135423,66.24636826656395
0,-0.05,3.5,431,1.2521202516409822,0.6461865855097537,62.76316096594929
0,-0.05,3.6,431,1.2639102310350396,0.6659964703733664,85.76972841305857
0,-0.05,3.7,431,1.2680773330038313,0.6890914823839067,90.61285703673825
0,-0.05,3.8000000000000003,431,1.401237988907665,0.6972403423222464,88.5872315471206
0,-0.05,3.9000000000000004,431,1.407196102106757,0.6960300856601619,86.63324986572214
0,-0.05,4.0,431,1.4204115795851127,0.7001198589720701,74.02219303083403
0,-0.05,4.1000000000000005,429,1.2746901702463722,0.710082421154561,74.0494468604102
0,-0.05,4.2,428,1.2669251636500574,0.6970364901119966,65.79120022080428
0,-0.05,4.3,428,1.2714305328497626,0.69980043760294,75.90619322207267
0,-0.05,4.4,428,1.2955898942192,0.7205796998298557,81.19884581642954
0,-0.05,4.5,428,1.30718149519221,0.7210305680531679,72.01696519826345
0,-0.05,4.6000000000000005,428,1.3174110862042347,0.741106089056228,88.36674308111323
0,-0.05,4.7,428,1.3251273078900134,0.7320843377639189,88.93450706327347
0,-0.05,4.800000000000001,428,1.4373446811214678,0.7549233679657995,78.39558659320613
0,-0.05,4.9,428,1.4306347421499708,0.7533733725569297,63.371047799989334
0,-0.05,5.0,428,1.4331794248463616,0.7599331158679636,85.53323183781434
0,-0.05,5.1000000000000005,428,1.4373370076747047,0.7522620777495488,70.96554688372663
0,-0.05,5.2,428,1.4452575029167511,0.7629601855232383,67.05566776229318
0,-0.05,5.300000000000001,428,1.445232232755926,0.7738757412835793,90.2061531407037
0,-0.05,5.4,428,1.4547845514932376,0.7458747793677852,45.74085861716699
0,-0.05,5.5,428,1.4488831747990747,0.7477309962877452,50.48640162007893
0,-0.05,5.6000000000000005,428,1.4526257511456129,0.7459906153731147,51.398246479717585
0,-0.05,5.7,428,1.4552741759466334,0.7330909457999866,47.282310977146544
0,-0.05,5.800000000000001,428,1.4746242895386106,0.7460148790727292,51.24938357607771
0,-0.05,5.9,428,1.4793642491803203,0.7507632101782532,53.66051099439006
0,-0.05,6.0,428,1.4639737789492597,0.7340111034962158,45.06703050745199
0,-0.055,0.0,432,0.6037919023035827,0.05150171522325081,31.452240227150615
0,-0.055,0.1,432,0.6311432720492417,0.07211580949802643,32.2975918927474
0,-0.055,0.2,432,0.6413415025825487,0.08484042189122579,29.21708527313669
0,-0.055,0.30000000000000004,432,0.6595117440762595,0.1015189449933006,20.026367927681708
0,-0.055,0.4,432,0.6686189878459567,0.10920995993505425,20.850269418205023
0,-0.055,0.5,432,0.7050132741900555,0.11539787039967721,22.983722344781704
0,-0.055,0.6000000000000001,432,0.7354501576538774,0.13324044538174482,22.55481068235641
0,-0.055,0.7000000000000001,432,0.7549306902874405,0.14188171895239796,23.24095452888599
0,-0.055,0.8,432,0.7771996685579322,0.1531571168300927,24.36641803055581
0,-0.055,0.9,432,0.7902418395303767,0.15838950799449986,28.268829173072252
0,-0.055,1.0,432,0.8217578134656469,0.16848193746869455,26.427459455715912
0,-0.055,1.1,432,0.8441243393829855,0.18497741002214235,32.38721370017342
0,-0.055,1.2000000000000002,432,0.8556861612099351,0.19458651850371156,26.034364538556996
0,-0.055,1.3,432,0.8864621842866798,0.19816812267469947,26.93319537893174
0,-0.055,1.4000000000000001,432,0.9158101088741994,0.21039685747168868,26.53195612108865
0,-0.055,1.5,432,0.9323021976213978,0.2150012168472646,27.78778572720617
0,-0.055,1.6,432,0.9787119191827658,0.22574403503810694,28.696100320563488
0,-0.055,1.7000000000000002,432,0.9987969415927461,0.24757630556223834,29.416707596705898
0,-0.055,1.8,432,1.014387117848938,0.25802614342233404,28.624944781696133
0,-0.055,1.9000000000000001,432,1.0536871616104972,0.2741142465467959,31.183658510234284
0,-0.055,2.0,432,1.070644755348965,0.28246514286237706,28.403309910239816
0,-0.055,2.1,432,1.0900942876709403,0.3088935535131076,39.2310040585972
0,-0.055,2.2,432,1.1112483174933399,0.33503522589132023,50.55910315628628
0,-0.055,2.3000000000000003,432,1.122384251283569,0.3559093951298556,59.150097444515076
0,-0.055,2.4000000000000004,432,1.1464231708547803,0.3674079681236659,59.24683532410041
0,-0.055,2.5,432,1.1626499743655352,0.37559808881419526,46.917515986103815
0,-0.055,2.6,432,1.1806102344013478,0.3888981014248683,48.72495678363099
0,-0.055,2.7,432,1.1899870285728353,0.410930195418543,49.75285125444196
0,-0.055,2.8000000000000003,432,1.194642838212668,0.42662325839672327,53.91915214266784
0,-0.055,2.9000000000000004,432,1.202658875809838,0.4511897013880671,47.22251905430698
0,-0.055,3.0,432,1.2071544661236724,0.4672375260928984,66.4121455648902
0,-0.055,3.1,432,1.212259793601916,0.48352316112250754,78.24466319513614
0,-0.055,3.2,432,1.217957664698784,0.5053980662951432,61.63205773864166
0,-0.055,3.3000000000000003,432,1.221143219531796,0.5371865398375626,60.86793121277075
0,-0.055,3.4000000000000004,432,1.2266501560753267,0.5686904252479318,59.089691284085525
0,-0.055,3.5,431,1.2399334565984295,0.5908445794779436,68.11060584698707
0,-0.055,3.6,431,1.247092338626684,0.6073378254780403,61.79617953666059
0,-0.055,3.7,431,1.2545595520969721,0.6343441985081572,72.04032696607722
0,-0.055,3.8000000000000003,431,1.262866184320232,0.6537363838804497,75.37600785724966
0,-0.055,3.9000000000000004,431,1.3907654812721286,0.6753547334156225,80.16065339935501
0,-0.055,4.0,431,1.3999675264692888,0.6909127401731457,74.46336784412115
0,-0.055,4.1000000000000005,431,1.4075470392813048,0.6997919545040392,94.69551982220779
0,-0.055,4.2,431,1.4178715146575251,0.7039311885364479,91.18241199575884
0,-0.055,4.3,430,1.4097893534914583,0.6983000938622618,73.02881662410789
0,-0.055,4.4,429,1.2800319472546806,0.7087325004792383,76.6652154275978
0,-0.055,4.5,429,1.2807656164601495,0.704546130969451,70.98735527353084
0,-0.055,4.6000000000000005,428,1.2700886762345565,0.704411482456665,72.18944423092536
0,-0.055,4.7,428,1.2763846037549882,0.7077009838001665,64.67905067244044
0,-0.055,4.800000000000001,428,1.3006999246853232,0.7187415421659904,78.08342543469509
0,-0.055,4.9,428,1.306369434104883,0.7225810174081391,85.51780217811168
0,-0.055,5.0,428,1.3144510362291288,0.7249474486413928,90.99294717304068
0,-0.055,5.1000000000000005,428,1.3711928675925675,0.7562050580653404,61.75030328739743
0,-0.055,5.2,428,1.4363958818372269,0.7534422134388982,90.81795847036193
0,-0.055,5.300000000000001,428,1.4398341708133555,0.754916539413522,86.40276807896161
0,-0.055,5.4,428,1.43778120116776,0.759832488380281,73.92238645681459
0,-0.055,5.5,428,1.44328475574629,0.7559942342645574,89.82273864820588
0,-0.055,5.6000000000000005,428,1.4413600181415638,0.7633532190179855,76.39514019597911
0,-0.055,5.7,428,1.4487237640876953,0.7557032707049607,85.12569524328326
0,-0.055,5.800000000000001,428,1.4477973954416663,0.7465050975762215,65.24337212735203
0,-0.055,5.9,428,1.439344974721318,0.7384982560211549,55.15595164563565
0,-0.055,6.0,428,1.4498582147658121,0.7290892136593187,54.07936835805238
0,-0.06,0.0,432,0.6037919023035827,0.05150171522325081,31.452240227150615
0,-0.06,0.1,432,0.6255507342206782,0.07130064557233094,28.493251285511107
0,-0.06,0.2,432,0.6412094260615834,0.08355151565154488,31.058168328295746
0,-0.06,0.30000000000000004,432,0.6530058539949282,0.10024704015305114,27.367415215980753
0,-0.06,0.4,432,0.6642763137234179,0.10669066986330168,18.54285226998922
0,-0.06,0.5,432,0.6945833116881557,0.1130311640552044,24.325111321313475
0,-0.06,0.6000000000000001,432,0.729181212565482,0.13059648895586926,25.096746639021664
0,-0.06,0.7000000000000001,432,0.7429543580829194,0.13388530819654096,20.223087731074983
0,-0.06,0.8,432,0.7654852141899974,0.1455292178809714,21.491884584096706
0,-0.06,0.9,432,0.7832822918369641,0.15027894755645402,24.87242847568006
0,-0.06,1.0,432,0.8077521200791785,0.16181145050568557,27.036105445647173
0,-0.06,1.1,432,0.830571607724927,0.17312767607473903,29.783326071282815
0,-0.06,1.2000000000000002,432,0.8496362029065087,0.18133319370140205,29.143852864711302
0,-0.06,1.3,432,0.8684661020498771,0.19431609179804885,26.36888431456689
0,-0.06,1.4000000000000001,432,0.896283174521082,0.19896107267165444,31.139216407640344
0,-0.06,1.5,432,0.9172270946506514,0.20704624004287353,31.149381171348875
0,-0.06,1.6,432,0.9346817742084326,0.2146392473869874,27.20021295334036
0,-0.06,1.7000000000000002,432,0.9672327512492717,0.22826972530763318,27.064393217622676
0,-0.06,1.8,432,0.9879327638111223,0.24532622522038336,35.52620354013297
0,-0.06,1.9000000000000001,432,1.0080331389608272,0.25620527939564036,31.404502288043894
0,-0.06,2.0,432,1.0428606282569652,0.2694942128487722,30.01814645762343
0,-0.06,2.1,432,1.0642683305218548,0.2816808482498174,28.287934393287244
0,-0.06,2.2,432,1.0822246639209272,0.30269195082461603,39.84986266504521
0,-0.06,2.3000000000000003,432,1.1044916335010857,0.3289648163895213,48.479265627896126
0,-0.06,2.4000000000000004,432,1.115735420647921,0.3468231522851639,60.92728895885598
0,-0.06,2.5,432,1.141656836014036,0.3650945288149838,51.0615949740324
0,-0.06,2.6,432,1.1570955664110434,0.3685572907374748,48.44460938730209
0,-0.06,2.7,432,1.16298613969504,0.3765876332253605,51.559810566787895
0,-0.06,2.8000000000000003,432,1.1836543473900236,0.3941061012351191,45.643505126790835
0,-0.06,2.9000000000000004,432,1.189945141198854,0.4072689268214783,46.198388670689226
0,-0.06,3.0,432,1.1953539764128736,0.42245622853895426,30.334293878568374
0,-0.06,3.1,432,1.202265487810977,0.4453135427338132,39.319206708242795
0,-0.06,3.2,432,1.209354843146204,0.4618033717682235,53.85037098864061
0,-0.06,3.3000000000000003,432,1.216079946405746,0.48020412274173646,54.78306055711476
0,-0.06,3.4000000000000004,432,1.2175671590084116,0.5024038665938987,36.9832179005903
0,-0.06,3.5,432,1.2229645209297924,0.5320201032075887,59.739538943237214
0,-0.06,3.6,432,1.2258446631885054,0.55493417809323,48.159308204813065
0,-0.06,3.7,432,1.2300811196950088,0.5740407450091964,61.80813983895702
0,-0.06,3.8000000000000003,431,1.2481781337106959,0.5971292087555294,59.667457690093975
0,-0.06,3.9000000000000004,431,1.2536932145168127,0.610165199274873,54.96259767543094
0,-0.06,4.0,431,1.2579439687720757,0.637557416852593,59.83247078889386
0,-0.06,4.1000000000000005,431,1.3899479438518842,0.6625224431361152,70.26624622052492
0,-0.06,4.2,431,1.3959819656832897,0.6775911019639526,66.95207007390287
0,-0.06,4.3,431,1.4044791141177102,0.6884065241156618,73.35885215632611
0,-0.06,4.4,430,1.4077238624294655,0.701695097599437,97.59685154672484
0,-0.06,4.5,430,1.4089977228469561,0.7004285919865098,83.46507476904587
0,-0.06,4.6000000000000005,430,1.412709915364225,0.7025321037496706,64.43882516726178
0,-0.06,4.7,429,1.2803591943996142,0.7077337596060744,82.14610635513455
0,-0.06,4.800000000000001,429,1.2797658614459724,0.7078470590470665,84.52036580136397
0,-0.06,4.9,428,1.2762443940356287,0.7116686985657228,89.81797319714589
0,-0.06,5.0,428,1.2708959390256227,0.7073444862339971,87.64930825869119
0,-0.06,5.1000000000000005,428,1.280256839285747,0.6988200154896251,67.35406175420238
0,-0.06,5.2,428,1.3006652785522645,0.7209134431876651,59.23017257340168
0,-0.06,5.300000000000001,428,1.3112222962843112,0.726082438938203,82.6252897492505
0,-0.06,5.4,428,1.354790786516993,0.7457670252682701,90.57356556148515
0,-0.06,5.5,428,1.4431599925132637,0.7528337254090502,94.41889365221806
0,-0.06,5.6000000000000005,428,1.4429571181259289,0.7473724692192466,94.85964655245701
0,-0.06,5.7,428,1.445030775602952,0.7568576610019147,81.97238733601948
0,-0.06,5.800000000000001,428,1.4504536939889041,0.761539890675433,83.47121505830071
0,-0.06,5.9,428,1.4423564179137534,0.7567272691303304,84.88876107677906
0,-0.06,6.0,428,1.4414011160964684,0.7421314143675528,76.16450369083798
0,-0.065,0.0,432,0.6037919023035827,0.05150171522325081,31.452240227150615
0,-0.065,0.1,432,0.625357000649285,0.07342447712190098,32.617565474607105
0,-0.065,0.2,432,0.637007065564047,0.08075021441903617,32.81897048796871
0,-0.065,0.30000000000000004,432,0.6514876078075644,0.09718986932482777,27.966951941613793
0,-0.065,0.4,432,0.6606572443263025,0.10463956406893497,21.305225133712476
0,-0.065,0.5,432,0.6841928578222911,0.11020661786744047,20.181348573459402
0,-0.065,0.6000000000000001,432,0.7128478583493661,0.12750784916337413,22.397988931539913
0,-0.065,0.7000000000000001,432,0.7375647866557217,0.13170996633382437,25.20356790754617
0,-0.065,0.8,432,0.7546274489637115,0.14285963762141998,21.422845544934688
0,-0.065,0.9,432,0.7754872407822825,0.14863697516712154,24.597472775463235
0,-0.065,1.0,432,0.7995694982873568,0.15525180030137764,26.39516418192552
0,-0.065,1.1,432,0.8130074735220227,0.16102058978552575,28.438519699496553
0,-0.065,1.2000000000000002,432,0.8341792114502374,0.1779778543884308,30.474748230722543
0,-0.065,1.3,432,0.8529228873146742,0.1859395903409659,27.40938853774674
0,-0.065,1.4000000000000001,432,0.8692571959378164,0.19199818328236729,27.539194025203656
0,-0.065,1.5,432,0.894576419380993,0.19902364809307097,29.728087741769066
0,-0.065,1.6,432,0.9206863372197768,0.20723634089248144,24.066019508477883
0,-0.065,1.7000000000000002,432,0.9340112657711972,0.21353659231982125,28.442820389038722
0,-0.065,1.8,432,0.9613441194475287,0.22582648358092927,26.014246955422088
0,-0.065,1.9000000000000001,432,0.9839267586663295,0.2440289962850848,31.53302101024764
0,-0.065,2.0,432,1.0066058028465688,0.255210873688621,35.73742941784322
0,-0.065,2.1,432,1.0304986713094353,0.26502883571033675,30.717405800087786
0,-0.065,2.2,432,1.0524551605003372,0.2779437439219765,31.621316650515872
0,-0.065,2.3000000000000003,432,1.0738068891343864,0.2963871692776414,37.37728475603474
0,-0.065,2.4000000000000004,432,1.0954687342470646,0.30569103964438427,38.33320877265305
0,-0.065,2.5,432,1.1099645188484397,0.3321917738891862,53.856423786075375
0,-0.065,2.6,432,1.1305387503757809,0.35432874916310575,57.271417114556726
0,-0.065,2.7,432,1.1468978848869236,0.3617028682070828,49.39313312227384
0,-0.065,2.8000000000000003,432,1.1627629176395944,0.372301868282142,56.64638269221313
0,-0.065,2.9000000000000004,432,1.167352484782327,0.38347174083851177,58.26917043801214
0,-0.065,3.0,432,1.1876587215375467,0.3932377686741567,44.55700954072208
0,-0.065,3.1,432,1.1917606412377693,0.40292234755589895,49.24447871423187
0,-0.065,3.2,432,1.194614173743039,0.4206297592182474,53.012095798051554
0,-0.065,3.3000000000000003,432,1.2027195195531164,0.4381000979992593,63.664638408528
0,-0.065,3.4000000000000004,432,1.2085705363073431,0.45672751050396615,45.7097234048348
0,-0.065,3.5,432,1.214465956229448,0.48171151297540427,43.6607429865712
0,-0.065,3.6,432,1.217920260701138,0.5010158881896989,39.59987002224361
0,-0.065,3.7,432,1.221689350043504,0.5209644435365962,40.016838547315984
0,-0.065,3.8000000000000003,432,1.2253782349166453,0.5336569392263355,57.93882493530766
0,-0.065,3.9000000000000004,432,1.234284256581513,0.5630596808385739,60.536962993080486
0,-0.065,4.0,432,1.237984366254763,0.5854188088969292,65.12420515340506
0,-0.065,4.1000000000000005,431,1.250078301323941,0.5999080223462107,64.93886578686319
0,-0.065,4.2,431,1.257801419527371,0.6165486118474843,65.03889893704053
0,-0.065,4.3,431,1.3928128346103699,0.6534293876453731,66.16882847820938
0,-0.065,4.4,431,1.3952349277946234,0.6698142758222925,54.454897151999894
0,-0.065,4.5,431,1.3986192801512431,0.6862726304218315,77.98704792839283
0,-0.065,4.6000000000000005,430,1.4035831917670627,0.6959612690578522,67.45552765713985
0,-0.065,4.7,430,1.4069668332225613,0.7017851260350609,91.73733153420598
0,-0.065,4.800000000000001,430,1.4109785401937598,0.6975613517541261,86.14873667537645
0,-0.065,4.9,430,1.4146063701307372,0.6999007312230258,70.46834768894854
0,-0.065,5.0,429,1.2839093544263969,0.7083490867257128,77.23025493684204
0,-0.065,5.1000000000000005,429,1.2827792451910218,0.7106268581908392,79.42363518134735
0,-0.065,5.2,429,1.2865922335509674,0.7130259587464715,67.1345619087982
0,-0.065,5.300000000000001,428,1.2785890536019753,0.7027677753607603,84.9932343008004
0,-0.065,5.4,428,1.2777704572823552,0.7041702937555332,63.843988130547174
0,-0.065,5.5,428,1.2812470117110693,0.7140065852277291,65.10110844224997
0,-0.065,5.6000000000000005,428,1.2859084086401948,0.7250264295092353,95.81329234753571
0,-0.065,5.7,428,1.3510861302012946,0.7394246116612967,88.9414262115777
0,-0.065,5.800000000000001,428,1.4297220579935535,0.7390121504761098,93.72341978223135
0,-0.065,5.9,428,1.4374112154682102,0.7388231989386765,81.3021615791542
0,-0.065,6.0,428,1.4470816704407894,0.7553324067768435,99.03946230596424
0,-0.07,0.0,432,0.6037919023035827,0.05150171522325081,31.452240227150615
0,-0.07,0.1,432,0.6240276066145086,0.07202402428096483,32.16415440859359
0,-0.07,0.2,432,0.6369541800598147,0.08061726494348197,28.008743595660174
0,-0.07,0.30000000000000004,432,0.6513710469150502,0.09428717123855818,25.697935554891426
0,-0.07,0.4,432,0.6588801901199739,0.10224102625112239,24.16177032175932
0,-0.07,0.5,432,0.6777415204159036,0.10667067087777153,20.358234967439564
0,-0.07,0.6000000000000001,432,0.7072800523431991,0.11996217829978321,19.233464956318933
0,-0.07,0.7000000000000001,432,0.7319774125695362,0.1294647644564654,21.42770154334517
0,-0.07,0.8,432,0.7485629560137008,0.13836053976067844,20.840768679548045
0,-0.07,0.9,432,0.7635573637976307,0.14348839357388432,22.412840146272572
0,-0.07,1.0,432,0.7803732788781048,0.15050066729787062,24.73723806301769
0,-0.07,1.1,432,0.8029009235780104,0.15562021880589968,26.5567901773135
0,-0.07,1.2000000000000002,432,0.8169111943395978,0.16606099608038735,29.40136162763449
0,-0.07,1.3,432,0.8385726402062844,0.17277654337139164,27.893640267453556
0,-0.07,1.4000000000000001,432,0.85672783583527,0.18686762140885274,30.44369239302248
0,-0.07,1.5,432,0.877682873154445,0.1931906456148308,29.59720237057144
0,-0.07,1.6,432,0.8961798009147824,0.20015630016701907,32.310543123989405
0,-0.07,1.7000000000000002,432,0.9227429743362202,0.20739340447427962,27.461053875659378
0,-0.07,1.8,432,0.9419545818434744,0.21321879317664236,24.76081334782928
0,-0.07,1.9000000000000001,432,0.953327928543086,0.22418953606069858,26.14004597467766
0,-0.07,2.0,432,0.981728492107001,0.24459977144221268,28.52296022464516
0,-0.07,2.1,432,0.9997317244848793,0.25012649979455187,26.85454370739567
0,-0.07,2.2,432,1.0150652981773283,0.2618020893654451,30.71904259571619
0,-0.07,2.3000000000000003,432,1.0424322683512446,0.27587514751893294,26.326829971081626
0,-0.07,2.4000000000000004,432,1.0670863575879446,0.2793372643136022,32.72174995556263
0,-0.07,2.5,432,1.0866667332344992,0.29629221429276237,35.09913672579253
0,-0.07,2.6,432,1.1086032297951014,0.3254323693780817,47.35175682048523
0,-0.07,2.7,432,1.127099031728245,0.3448330434645494,51.36786358116125
0,-0.07,2.8000000000000003,432,1.1391157118495823,0.355910114818361,49.16689293305327
0,-0.07,2.9000000000000004,432,1.1536407501514792,0.36859784094488207,51.42623940252098
0,-0.07,3.0,432,1.1653971469473363,0.3789566194630279,58.12093935634
0,-0.07,3.1,432,1.172485101312199,0.3808364486803867,52.35823694067764
0,-0.07,3.2,432,1.1889515498935324,0.38851721979292353,47.86985920970874
0,-0.07,3.3000000000000003,432,1.1924256652164347,0.4019796696472999,48.221751565485015
0,-0.07,3.4000000000000004,432,1.1987886808013546,0.421441985865534,59.040222913111236
0,-0.07,3.5,432,1.201834377054553,0.4375324066130539,39.230840611859826
0,-0.07,3.6,432,1.2077677068204604,0.454768780865575,43.596478883054395
0,-0.07,3.7,432,1.2143943990617576,0.4803893465219764,50.89804814858947
0,-0.07,3.8000000000000003,432,1.2219980353939193,0.4945106170606344,64.18540852628487
0,-0.07,3.9000000000000004,432,1.2228207785634368,0.5077062850720067,46.637337845946476
0,-0.07,4.0,432,1.224163214118635,0.5278244416390079,52.49730760509876
0,-0.07,4.1000000000000005,432,1.2337727412730826,0.5552750292003776,59.8450280664985
0,-0.07,4.2,432,1.2369396516905249,0.5786558890835314,64.89942123353185
0,-0.07,4.3,432,1.2414112574795155,0.5921750266131243,64.85973679653617
0,-0.07,4.4,431,1.2583107888432523,0.6062609020450607,59.12293256870904
0,-0.07,4.5,431,1.3875652826290958,0.6275763880146495,74.19377865364194
0,-0.07,4.6000000000000005,431,1.395276477298647,0.6602226944524742,55.33154618267646
0,-0.07,4.7,431,1.3992853830742606,0.6802138507598445,73.9743366681505
0,-0.07,4.800000000000001,430,1.3883536002553032,0.6790701760366192,65.41089070551969
0,-0.07,4.9,430,1.404017139743462,0.6911648053686361,63.41228852766904
0,-0.07,5.0,430,1.4082920826963563,0.6975627127797416,72.13002784699452
0,-0.07,5.1000000000000005,430,1.4103995726496763,0.6992228947191933,91.86272548282697
0,-0.07,5.2,430,1.4145195091821912,0.6994048468826569,80.27037005681112
0,-0.07,5.300000000000001,429,1.2835861973663918,0.7035494803165303,64.8350276889465
0,-0.07,5.4,429,1.2813509838638288,0.7106794057818338,89.58776339395484
0,-0.07,5.5,429,1.283459476640484,0.7076703437919376,90.05484887014856
0,-0.07,5.6000000000000005,428,1.2782863981483676,0.7073289849681829,76.1813681838107
0,-0.07,5.7,428,1.2826143973665218,0.7181211862560579,84.9746852807897
0,-0.07,5.800000000000001,428,1.2783572931674716,0.7123217126817254,72.98537507000168
0,-0.07,5.9,428,1.2844348047371845,0.7144604662003539,64.08694491866306
0,-0.07,6.0,428,1.3261964737770613,0.7253286685218465,67.65327089051976
0,-0.075,0.0,432,0.6037919023035827,0.05150171522325081,31.452240227150615
0,-0.075,0.1,432,0.6240276066145086,0.07208756709357943,33.11821153810545
0,-0.075,0.2,432,0.6365504120455495,0.08046062317058345,31.593064942486844
0,-0.075,0.30000000000000004,432,0.6452854913021718,0.09213872693596009,22.3574851766131
0,-0.075,0.4,432,0.6584021773850167,0.10202488413559309,23.264314312557932
0,-0.075,0.5,432,0.6761223275603032,0.10560658238665534,17.96537002687561
0,-0.075,0.6000000000000001,432,0.6961668849693204,0.11767577817159748,18.77549517558993
0,-0.075,0.7000000000000001,432,0.7175124334033547,0.1275923666928897,24.163099017953193
0,-0.075,0.8,432,0.740998541386019,0.1321391953807485,23.087621158253484
0,-0.075,0.9,432,0.7516118788227816,0.13500575859252914,19.18094065253291
0,-0.075,1.0,432,0.7743162280641133,0.1452427894834212,24.65399860170599
0,-0.075,1.1,432,0.7954853504671845,0.14868223689984525,23.777051227079212
0,-0.075,1.2000000000000002,432,0.8062870264576271,0.1595426353357157,26.69952408917365
0,-0.075,1.3,432,0.8277941211091709,0.16692068512902655,30.747007523633602
0,-0.075,1.4000000000000001,432,0.8447169209126171,0.1787075305456801,25.59508263793427
0,-0.075,1.5,432,0.8624821912718881,0.18674573303239045,25.76336081361041
0,-0.075,1.6,432,0.8789732154750128,0.19405396384843965,27.19712022740175
0,-0.075,1.7000000000000002,432,0.9013934381792901,0.20170508487303582,29.469160024696887
0,-0.075,1.8,432,0.9259768563320223,0.20664469936798346,29.531137737906164
0,-0.075,1.9000000000000001,432,0.9435268937923349,0.21233197462136175,28.891450186829537
0,-0.075,2.0,432,0.9539134582615004,0.22712313505139542,31.71381783402941
0,-0.075,2.1,432,0.9741407609510513,0.2407999044172183,26.68554891774935
0,-0.075,2.2,432,0.997685368089546,0.24735067039963335,30.290811237866503
0,-0.075,2.3000000000000003,432,1.0090977485243502,0.2584668412263665,31.510002056340475
0,-0.075,2.4000000000000004,432,1.0323638007479534,0.272522509729775,28.73515584937317
0,-0.075,2.5,432,1.0572214819568684,0.2765116709464393,32.920037394367135
0,-0.075,2.6,432,1.083221586155408,0.2941945978921203,41.70308249352031
0,-0.075,2.7,432,1.100952489426627,0.31591033248466555,49.36723839606601
0,-0.075,2.8000000000000003,432,1.1178123240025255,0.3325731893627207,46.184132073040224
0,-0.075,2.9000000000000004,432,1.136989915647935,0.35323427382239453,47.7737713412644
0,-0.075,3.0,432,1.146793064840976,0.355505111198845,49.845162865624566
0,-0.075,3.1,432,1.1625558173820023,0.37605519685681926,49.56730365349528
0,-0.075,3.2,432,1.1661239468360987,0.37061210523055466,53.49377060961522
0,-0.075,3.3000000000000003,432,1.1750784747017182,0.38573350439237086,53.78923930852458
0,-0.075,3.4000000000000004,432,1.1888039937132293,0.38837098151362826,46.68626755484607
0,-0.075,3.5,432,1.1969249905175783,0.40000955642882324,46.023461861569395
0,-0.075,3.6,432,1.1986261233226398,0.4150471018702135,52.87855166230472
0,-0.075,3.7,432,1.2013306466744818,0.43338516500377083,47.304850679640204
0,-0.075,3.8000000000000003,432,1.2075486365399655,0.4540564608508667,38.18688468410133
0,-0.075,3.9000000000000004,432,1.215062029743368,0.46968332388330203,39.94650241306347
0,-0.075,4.0,432,1.2197499002871506,0.48928523083915687,49.87841920906132
0,-0.075,4.1000000000000005,432,1.2255425460907088,0.5080016282725404,40.72713357264581
0,-0.075,4.2,432,1.229021105768813,0.5242096181890454,48.11203871973555
0,-0.075,4.3,432,1.232551886016752,0.5482478689297372,55.247040496913144
0,-0.075,4.4,432,1.2382789940781376,0.5693231848369318,60.66693712904269
0,-0.075,4.5,432,1.2441499088872368,0.5822209333420267,69.55188650665383
0,-0.075,4.6000000000000005,432,1.374009487485972,0.5964792367484513,61.320535358011284
0,-0.075,4.7,431,1.3830885173779381,0.6189760614229288,74.77299720107952
0,-0.075,4.800000000000001,431,1.3893427422833287,0.6397995887963815,72.63556132000456
0,-0.075,4.9,430,1.3859850084316998,0.6632538953784991,63.03973066927467
0,-0.075,5.0,430,1.3884267907148007,0.6750571650200278,71.8157692261039
0,-0.075,5.1000000000000005,430,1.4028681909714684,0.6849689837868165,71.1884494093089
0,-0.075,5.2,430,1.4060325304624115,0.6888305375862772,58.19824375629534
0,-0.075,5.300000000000001,430,1.4078567772030968,0.6998455144606368,79.59010321700686
0,-0.075,5.4,430,1.4103515343875634,0.7040941477742989,81.88550445144412
0,-0.075,5.5,430,1.4142638138295716,0.6918544341243478,82.8170307901145
0,-0.075,5.6000000000000005,429,1.282966903051598,0.7193058583826306,56.45343774278289
0,-0.075,5.7,429,1.2852059510963179,0.7052600326651541,83.0527273450347
0,-0.075,5.800000000000001,429,1.2824070800155585,0.710888761350804,85.4371731975885
0,-0.075,5.9,429,1.2859503569643576,0.7164381519814114,82.11771373913571
0,-0.075,6.0,428,1.2832948535116924,0.7223787017694829,89.5870085343674
0,-0.08,0.0,432,0.6037919023035827,0.05150171522325081,31.452240227150615
0,-0.08,0.1,432,0.6240276066145086,0.07195758074194306,33.05852090344441
0,-0.08,0.2,432,0.6363029924948512,0.07896447215900872,31.11394090553189
0,-0.08,0.30000000000000004,432,0.6464891875190385,0.09431310833409254,25.82215021219902
0,-0.08,0.4,432,0.6578689983726711,0.10111291067482976,18.42890986937843
0,-0.08,0.5,432,0.6748872738224456,0.10311965251450753,17.62397590800499
0,-0.08,0.6000000000000001,432,0.6929431600875263,0.11447524498699939,19.08649425191009
0,-0.08,0.7000000000000001,432,0.7132551227463572,0.12437028242343325,21.68811115118919
0,-0.08,0.8,432,0.7375437963884358,0.12785926086268173,22.116624227371858
0,-0.08,0.9,432,0.7506555194573679,0.1362597553171755,22.16385733687694
0,-0.08,1.0,432,0.7634784496562165,0.14029056923415742,21.822397159449245
0,-0.08,1.1,432,0.7896628504026233,0.1486096571726703,23.09317172129286
0,-0.08,1.2000000000000002,432,0.7993633842880896,0.15192040926332798,24.43575000009546
0,-0.08,1.3,432,0.8106656548629076,0.1600172062279167,29.93050015815145
0,-0.08,1.4000000000000001,432,0.8338743081618004,0.16369195860353825,29.762775166682836
0,-0.08,1.5,432,0.8475764220842186,0.18029902349207372,25.60863851748141
0,-0.08,1.6,432,0.868755091907672,0.19026876403679213,27.19208709866097
0,-0.08,1.7000000000000002,432,0.8835891360679083,0.19495759717526667,29.276581155118578
0,-0.08,1.8,432,0.9014626048122548,0.19962769393531085,29.303517065377786
0,-0.08,1.9000000000000001,432,0.925178189442047,0.20965743502908196,30.06860854309785
0,-0.08,2.0,432,0.9431806321668802,0.21195710126605108,26.95498132006415
0,-0.08,2.1,432,0.9521359654973518,0.22524875866439073,28.830881878721915
0,-0.08,2.2,432,0.9675255322309531,0.24031840085214687,32.44071096027503
0,-0.08,2.3000000000000003,432,0.9918783139692171,0.24817585299010986,31.28902848703702
0,-0.08,2.4000000000000004,432,1.0032247897880677,0.2548179164357186,32.94220579153918
0,-0.08,2.5,432,1.0277741408927559,0.2680910295007397,28.1779347923551
0,-0.08,2.6,432,1.0513471034908486,0.2707350206919162,29.300526051978185
0,-0.08,2.7,432,1.0716141409673685,0.28585961730306086,33.17091459565406
0,-0.08,2.8000000000000003,432,1.0996778970378744,0.30054372224438386,37.0328050461796
0,-0.08,2.9000000000000004,432,1.107473118063148,0.3234447807668126,40.684390539765175
0,-0.08,3.0,432,1.1290808655373012,0.3411011609716623,48.63562190118437
0,-0.08,3.1,432,1.141839757599824,0.35650675638565843,46.272588785356206
0,-0.08,3.2,432,1.150677509843511,0.3683613020370245,59.93823298981746
0,-0.08,3.3000000000000003,432,1.1633334461274942,0.36786684147997284,59.27936949917078
0,-0.08,3.4000000000000004,432,1.171090139287824,0.37686259848483167,51.02416278138395
0,-0.08,3.5,432,1.175827188647248,0.3859844213111845,57.04469773719678
0,-0.08,3.6,432,1.1919248050025322,0.3875580358272092,46.58123757814161
0,-0.08,3.7,432,1.1969249905175783,0.39934091499037694,47.07690999011228
0,-0.08,3.8000000000000003,432,1.1987696707571882,0.4111070184843278,57.563730122392634
0,-0.08,3.9000000000000004,432,1.2002320153748622,0.4367390587350958,43.55101266125587
0,-0.08,4.0,432,1.2075692808787917,0.4436176329520478,51.955580093807654
0,-0.08,4.1000000000000005,432,1.2162028772288664,0.4663216869561724,49.04227385884687
0,-0.08,4.2,432,1.2202234017362417,0.48584471062974466,33.488749114741815
0,-0.08,4.3,432,1.227211385609569,0.5032144954877175,50.885598841231015
0,-0.08,4.4,432,1.2287553310006658,0.5167744708131122,35.85369841648395
0,-0.08,4.5,432,1.23121471969874,0.5334578794797067,41.68087325810612
0,-0.08,4.6000000000000005,432,1.2379322912757473,0.560417915406341,47.783482234745875
0,-0.08,4.7,432,1.244520507253432,0.5806273266081275,56.28572756320309
0,-0.08,4.800000000000001,432,1.3715189465651663,0.5920112042651332,70.90055836557852
0,-0.08,4.9,432,1.375906806268762,0.605862132754531,63.003909154725356
0,-0.08,5.0,431,1.3848052679688185,0.6312867172750395,69.66517688381933
0,-0.08,5.1000000000000005,430,1.380987034807533,0.6419728300159061,59.28295563132678
0,-0.08,5.2,430,1.3858296501281284,0.6621234562633186,62.60464045932059
0,-0.08,5.300000000000001,430,1.3984029188704967,0.6722206596914878,59.23942674004823
0,-0.08,5.4,430,1.4026994808764963,0.680518058986915,67.17873449275072
0,-0.08,5.5,430,1.405920247709196,0.6841400271355035,74.05059691287356
0,-0.08,5.6000000000000005,430,1.407538305865517,0.696480108479051,81.10157031529417
0,-0.08,5.7,430,1.4096116475219962,0.699863238219729,62.056188427948435
0,-0.08,5.800000000000001,430,1.4133356799369163,0.7021212606384281,82.92991985813121
0,-0.08,5.9,429,1.2826126457531677,0.7118987520687949,77.14058120896286
0,-0.08,6.0,429,1.2841634044308692,0.7092625403244139,90.00600291197365
0,-0.085,0.0,432,0.6037919023035827,0.05150171522325081,31.452240227150615
0,-0.085,0.1,432,0.6229558315988893,0.0718591397683386,30.42807454625414
0,-0.085,0.2,432,0.638232524411397,0.0805068695828673,27.42960908664437
0,-0.085,0.30000000000000004,432,0.6452381600017645,0.09366695659644685,24.510578190405855
0,-0.085,0.4,432,0.6567484679385598,0.10001868038284296,22.005274055885643
0,-0.085,0.5,432,0.671208751731469,0.1029474084152317,18.61854257163475
0,-0.085,0.6000000000000001,432,0.6843064023188439,0.11273683694026769,21.54912710212776
0,-0.085,0.7000000000000001,432,0.7088756171681075,0.12277361622885363,21.991301925317753
0,-0.085,0.8,432,0.7324822239958847,0.1272166333694002,20.723397458243767
0,-0.085,0.9,432,0.743059102781555,0.13287573003212783,22.460144671302604
0,-0.085,1.0,432,0.7529813093420584,0.13528180439247495,21.251688037799195
0,-0.085,1.1,432,0.7815695099159007,0.1435924605282671,21.896203011509865
0,-0.085,1.2000000000000002,432,0.7918839494973553,0.14562970449614782,23.676435597743755
0,-0.085,1.3,432,0.8057927536797924,0.157243478681074,26.563630943067594
0,-0.085,1.4000000000000001,432,0.8147005492664796,0.15899124479004711,29.415601489946177
0,-0.085,1.5,432,0.8354717204674409,0.1726255988701938,31.911896657251766
0,-0.085,1.6,432,0.8528189104115752,0.17699249417326102,23.623868979916264
0,-0.085,1.7000000000000002,432,0.8711175736903928,0.18793412857598366,28.362862728653337
0,-0.085,1.8,432,0.8881545331820176,0.19455751264250332,25.449726015361254
0,-0.085,1.9000000000000001,432,0.9015523263167049,0.20151373767895256,30.735074351606176
0,-0.085,2.0,432,0.9250941603262257,0.20907400809298002,32.38583929619937
0,-0.085,2.1,432,0.9440575130748341,0.21038555937342482,24.608918705901484
0,-0.085,2.2,432,0.9518118914232778,0.22527858688826313,28.07667856865966
0,-0.085,2.3000000000000003,432,0.9644925572604889,0.2359254730886763,30.439741205220628
0,-0.085,2.4000000000000004,432,0.9841281458732383,0.24648713100904585,31.864994064135583
0,-0.085,2.5,432,1.001875821526245,0.25530853597698266,34.886115574750654
0,-0.085,2.6,432,1.0141512312533594,0.262094952480677,31.462828471304814
0,-0.085,2.7,432,1.03839597283702,0.26798679857483393,31.83466232399816
0,-0.085,2.8000000000000003,432,1.0605196761966593,0.27208096979739715,32.16797877394341
0,-0.085,2.9000000000000004,432,1.0880725925195722,0.29456295204344474,41.17061873856839
0,-0.085,3.0,432,1.1065802134020357,0.31540918416980307,46.12632722435758
0,-0.085,3.1,432,1.1202537426051442,0.3285091758090431,46.778062556621656
0,-0.085,3.2,432,1.136780332954668,0.34708997606520714,47.89449176213682
0,-0.085,3.3000000000000003,432,1.1449182942716905,0.3573845381641495,52.08470176970494
0,-0.085,3.4000000000000004,432,1.1584555384690203,0.36714961312477523,54.71861987726245
0,-0.085,3.5,432,1.1657747305340955,0.3697765267828425,50.978989473135016
0,-0.085,3.6,432,1.174074873678571,0.37834708906741443,54.10114704446211
0,-0.085,3.7,432,1.1790118736347994,0.3839135970968525,48.088036493669456
0,-0.085,3.8000000000000003,432,1.19445927091497,0.3895499757249024,44.90522647988697
0,-0.085,3.9000000000000004,432,1.1969743580930416,0.40124412137205895,46.88155661488021
0,-0.085,4.0,432,1.1979157138914691,0.4169205474461026,48.39156701267345
0,-0.085,4.1000000000000005,432,1.2025097865379033,0.4266309014966008,55.282002692285545
0,-0.085,4.2,432,1.208641833458549,0.4401424743053323,41.1617235267273
0,-0.085,4.3,432,1.212211074451651,0.4644062624944902,43.063021043289254
0,-0.085,4.4,432,1.2238435574159852,0.4782182091225908,41.10159048742535
0,-0.085,4.5,432,1.2276231341800898,0.4968382045999266,41.67062794679248
0,-0.085,4.6000000000000005,432,1.2330896528890565,0.5157035563950355,66.00995418390144
0,-0.085,4.7,432,1.2328178508239214,0.5307521606853883,49.93310088101887
0,-0.085,4.800000000000001,432,1.2407874936989585,0.5611523506702194,47.34169061566263
0,-0.085,4.9,432,1.243646663055867,0.5685642216529672,66.44737372614017
0,-0.085,5.0,432,1.3705743758688078,0.5819799614286442,73.72476585915734
0,-0.085,5.1000000000000005,432,1.3738428305184314,0.6034779867996286,75.96315410998278
0,-0.085,5.2,432,1.3778280817545658,0.6154523854950239,60.091449107385834
0,-0.085,5.300000000000001,430,1.3766206952439382,0.6291605213938336,73.41174514138629
0,-0.085,5.4,430,1.3846777046174648,0.6482301357516533,48.824092514746525
0,-0.085,5.5,430,1.3973608917219171,0.6625329204381167,67.01423120668261
0,-0.085,5.6000000000000005,430,1.398383131143657,0.6640861047263009,71.53692217015191
0,-0.085,5.7,430,1.4028233148044347,0.6748176772302308,63.33740878370132
0,-0.085,5.800000000000001,430,1.4057801524444162,0.68288875037914,63.89287335024767
0,-0.085,5.9,430,1.4072994217224906,0.6914279645274493,74.827521323711
0,-0.085,6.0,430,1.4091159080300046,0.6961307869487074,66.29027042178072
0,-0.09,0.0,432,0.6037919023035827,0.05150171522325081,31.452240227150615
0,-0.09,0.1,432,0.6228606983558902,0.0716048865313618,28.9166935501018
0,-0.09,0.2,432,0.6364200070824622,0.07968706570550543,27.024858457822432
0,-0.09,0.30000000000000004,432,0.6444956306402992,0.0927763895872727,24.07221567657111
0,-0.09,0.4,432,0.6557205750984095,0.09966744920918684,21.391183835623266
0,-0.09,0.5,432,0.6653147330814592,0.10256885366121493,19.786920962069875
0,-0.09,0.6000000000000001,432,0.6830665757499268,0.11189480434019672,24.771512021565208
0,-0.09,0.7000000000000001,432,0.7004600491640844,0.11828627082963179,20.764919852397632
0,-0.09,0.8,432,0.7189893499263377,0.12369609701515756,21.200552579950955
0,-0.09,0.9,432,0.7410046779927005,0.13077645255449413,22.50022495504663
0,-0.09,1.0,432,0.7485413655666661,0.13473545594949637,22.33781237955288
0,-0.09,1.1,432,0.7683472775650443,0.14049775819714214,23.848254952195372
0,-0.09,1.2000000000000002,432,0.7898482399552585,0.14763754065541773,24.902145223902348
0,-0.09,1.3,432,0.797817879970408,0.14853544991802764,25.36821173392617
0,-0.09,1.4000000000000001,432,0.8076173998876142,0.15796653655583254,28.659025168707068
0,-0.09,1.5,432,0.8219481838924951,0.1582189427165902,28.42701373253445
0,-0.09,1.6,432,0.8426885324150857,0.17142440354649688,25.547291832155658
0,-0.09,1.7000000000000002,432,0.8579802021123266,0.18152504102291214,27.14489009349901
0,-0.09,1.8,432,0.8664474490432225,0.18710721851677412,25.465986724620027
0,-0.09,1.9000000000000001,432,0.8893924512122562,0.194274888146155,26.692753463853872
0,-0.09,2.0,432,0.9015523263167049,0.20000538170484602,31.935221558296412
0,-0.09,2.1,432,0.9243622057672088,0.20744498449536597,32.77478286403099
0,-0.09,2.2,432,0.9449877968506686,0.2112141361450951,26.137178391140832
0,-0.09,2.3000000000000003,432,0.9528647517838335,0.2259725630233496,29.766053295963932
0,-0.09,2.4000000000000004,432,0.9614707293168143,0.23508677739992556,26.34956387029956
0,-0.09,2.5,432,0.9805084026616911,0.24433339224140507,30.665511042451286
0,-0.09,2.6,432,0.9977570640039001,0.25127287750826155,33.296213302804425
0,-0.09,2.7,432,1.0111589591665788,0.25589677789435217,31.299059177208868
0,-0.09,2.8000000000000003,432,1.0321637259443537,0.265805357693821,32.48521735064047
0,-0.09,2.9000000000000004,432,1.0567902879803222,0.26320976677363717,33.82791598277246
0,-0.09,3.0,432,1.076974971241527,0.29001603494394484,38.5910337316701
0,-0.09,3.1,432,1.1010543679980307,0.31186363175435694,47.03492522654769
0,-0.09,3.2,432,1.1111445398630662,0.3224066687844352,46.3206910131429
0,-0.09,3.3000000000000003,432,1.1304224369167406,0.34231518696279467,49.445055646065406
0,-0.09,3.4000000000000004,432,1.1420506655405758,0.3489605774700102,56.915956733602485
0,-0.09,3.5,432,1.1505639268013783,0.3620084062308198,54.42380699722034
0,-0.09,3.6,432,1.1614371866505282,0.36495529801940096,55.149153276739376
0,-0.09,3.7,432,1.170950912461292,0.37653295287534677,61.73993150072044
0,-0.09,3.8000000000000003,432,1.174810820970002,0.379560453469055,59.15677569597177
0,-0.09,3.9000000000000004,432,1.1803587374406932,0.38445233399989054,59.76748997047519
0,-0.09,4.0,432,1.1946927050213132,0.3900785811777127,53.98554762040572
0,-0.09,4.1000000000000005,432,1.19711790552759,0.39751290595815203,48.121952188123814
0,-0.09,4.2,432,1.1978083255753178,0.4102040759609414,51.14153600785763
0,-0.09,4.3,432,1.2027010935473923,0.4260368018257414,52.72921793002976
0,-0.09,4.4,432,1.2084689694253896,0.4378536095865145,58.06891841709214
0,-0.09,4.5,432,1.2124313471721795,0.4602410965051239,45.524141562291845
0,-0.09,4.6000000000000005,432,1.2216300496453545,0.4719580871469573,35.689989536307465
0,-0.09,4.7,432,1.2275543773044022,0.49197927176043127,38.86034413683982
0,-0.09,4.800000000000001,432,1.2339040507363723,0.5158960708663162,48.72781061203625
0,-0.09,4.9,432,1.2413085012988092,0.5269271550523668,37.41971937863951
0,-0.09,5.0,432,1.2403522198099148,0.5423591231377495,52.76357496362715
0,-0.09,5.1000000000000005,432,1.2443905850156254,0.5575874565866824,39.19714027419702
0,-0.09,5.2,432,1.3698180210003512,0.5806978097731237,63.042297154216485
0,-0.09,5.300000000000001,432,1.3719459224873845,0.6048892714084771,57.145389034550256
0,-0.09,5.4,431,1.364039642436211,0.603627432424731,61.80953585598455
0,-0.09,5.5,431,1.3697672944052168,0.6163694640776023,50.63106432735189
0,-0.09,5.6000000000000005,430,1.3789617050822032,0.6316377932624518,74.89955619323445
0,-0.09,5.7,430,1.3862016763788427,0.6464494382600858,72.29859750906415
0,-0.09,5.800000000000001,430,1.3973608917219171,0.6576900803530259,61.13399711073412
0,-0.09,5.9,430,1.4022177626691912,0.663558285032147,51.805535212575975
0,-0.09,6.0,430,1.4037501001008812,0.6749097272855127,63.956910921567825
0,-0.095,0.0,432,0.6037919023035827,0.05150171522325081,31.452240227150615
0,-0.095,0.1,432,0.6223418469881826,0.07016741467879249,28.2666662935307
0,-0.095,0.2,432,0.6357080474915475,0.07784365496743109,27.912199270580366
0,-0.095,0.30000000000000004,432,0.644292441923957,0.08883328707307546,29.358600398490704
0,-0.095,0.4,432,0.6506875133480838,0.09870092352486504,20.224600313646075
0,-0.095,0.5,432,0.6648703402759553,0.10014694497808693,20.12734670186367
0,-0.095,0.6000000000000001,432,0.6822359687201328,0.10795976202264654,21.820604926812642
0,-0.095,0.7000000000000001,432,0.6982154211391839,0.11735276314820241,22.01311970599675
0,-0.095,0.8,432,0.712498980450342,0.12180987991344334,20.789201042104697
0,-0.095,0.9,432,0.7337738656466966,0.12860381826620507,21.3417076961267
0,-0.095,1.0,432,0.743059102781555,0.13149237143245104,20.812485820884678
0,-0.095,1.1,432,0.7547695911032342,0.13199224268454565,21.389279274552386
0,-0.095,1.2000000000000002,432,0.7823067476648972,0.13987870117761073,20.428199645104897
0,-0.095,1.3,432,0.7906921563203453,0.14667272371618392,26.87872567328749
0,-0.095,1.4000000000000001,432,0.8027235600768917,0.15162879733503512,27.043947078908978
0,-0.095,1.5,432,0.8088548495244424,0.15657437093147789,26.42329911374427
0,-0.095,1.6,432,0.8289674557801939,0.1630291925581836,29.357913267941655
0,-0.095,1.7000000000000002,432,0.8484817937752768,0.17286720599076164,26.463390934094882
0,-0.095,1.8,432,0.8643341041288412,0.18457773981718376,25.35634534336684
0,-0.095,1.9000000000000001,432,0.8728775343265214,0.18746766369093082,24.11623832855274
0,-0.095,2.0,432,0.8920598234227788,0.19670718679793123,27.242412697425024
0,-0.095,2.1,432,0.901722891171275,0.20158270468621392,30.804840095540087
0,-0.095,2.2,432,0.9323388155882062,0.20498757131589934,30.96102582568888
0,-0.095,2.3000000000000003,432,0.9437704297559516,0.21223202292521184,28.012138431458634
0,-0.095,2.4000000000000004,432,0.9507045860184573,0.2244269074327015,27.55878014193242
0,-0.095,2.5,432,0.9569109620514618,0.23435805445237443,31.72293742373115
0,-0.095,2.6,432,0.9745907023048195,0.2441540418413416,30.39048625339688
0,-0.095,2.7,432,0.9941973846334933,0.2503893196672555,29.94645420286429
0,-0.095,2.8000000000000003,432,1.0040688448630801,0.2537933470762098,35.0014062868806
0,-0.095,2.9000000000000004,432,1.0305271149210808,0.2569920642038215,27.32912709991185
0,-0.095,3.0,432,1.0484683358235176,0.26319908928943914,32.39858179921329
0,-0.095,3.1,432,1.064126156396847,0.2836483388503139,32.77157092007361
0,-0.095,3.2,432,1.0951725965244887,0.3098988454427162,45.65230080976526
0,-0.095,3.3000000000000003,432,1.108296831407672,0.3206243492207465,43.736684688777196
0,-0.095,3.4000000000000004,432,1.1261332178409342,0.3334749490699335,51.30752401737526
0,-0.095,3.5,432,1.1353222619447354,0.3323240377300749,54.566801547826586
0,-0.095,3.6,432,1.14466213373626,0.35732444860266604,58.98664771523144
0,-0.095,3.7,432,1.1567989985794438,0.35858371925108407,57.20127152832539
0,-0.095,3.8000000000000003,432,1.1653412410284878,0.37677598367330656,54.192474962909415
0,-0.095,3.9000000000000004,432,1.17187837115315,0.37700116118452015,62.84160266937166
0,-0.095,4.0,432,1.179358556773257,0.3792516190840935,57.39879168352802
0,-0.095,4.1000000000000005,432,1.1809048589636946,0.3863925376610735,57.59357639282576
0,-0.095,4.2,432,1.19733811272293,0.39366177328794183,55.45195447974113
0,-0.095,4.3,432,1.1961514771121091,0.39408649209087965,45.21725633406697
0,-0.095,4.4,432,1.2007244633963208,0.40982844138705765,45.6331822325528
0,-0.095,4.5,432,1.204879725490236,0.4244955740903055,55.67643647842421
0,-0.095,4.6000000000000005,432,1.2080207112286685,0.43842583994631085,55.52378428823809
0,-0.095,4.7,432,1.216059792166856,0.4570675316628883,47.13286222219043
0,-0.095,4.800000000000001,432,1.2214510041711675,0.46765442895301873,46.18173833279388
0,-0.095,4.9,432,1.229442881743425,0.4888930849039775,41.82586889024709
0,-0.095,5.0,432,1.2365984372899785,0.5099296025352911,41.56916574721421
0,-0.095,5.1000000000000005,432,1.2392515456400615,0.5262848496091836,31.948834142031117
0,-0.095,5.2,432,1.2389672454182141,0.5377386525796525,38.186147324073765
0,-0.095,5.300000000000001,432,1.3674962091387148,0.555621146759898,67.97610308216962
0,-0.095,5.4,432,1.3696151350010284,0.5723237933457259,66.92042085571623
0,-0.095,5.5,432,1.3729888321261925,0.5949621748906209,61.3958901501179
0,-0.095,5.6000000000000005,431,1.36270768127995,0.5980907786538024,57.32615905333309
0,-0.095,5.7,431,1.3688258131533912,0.6104313510685387,57.15912161737655
0,-0.095,5.800000000000001,431,1.3703961868218735,0.6254561536972469,62.33655196917621
0,-0.095,5.9,431,1.37581910524143,0.6317778615431447,64.00156957959587
0,-0.095,6.0,430,1.3955217094327916,0.6435768971741883,58.35672776091002
0,-0.1,0.0,432,0.6037919023035827,0.05150171522325081,31.452240227150615
0,-0.1,0.1,432,0.6223418469881826,0.06891664306825043,27.401973325542947
0,-0.1,0.2,432,0.6384079680934087,0.08136073795920001,30.41225337602785
0,-0.1,0.30000000000000004,432,0.6394574076118671,0.08576227065597726,27.747316502876846
0,-0.1,0.4,432,0.6462867195090078,0.09530231472518352,19.97530945899065
0,-0.1,0.5,432,0.6643371612636096,0.09923552547560989,19.400845198432428
0,-0.1,0.6000000000000001,432,0.6775030323872764,0.10368554621000377,18.873752494654806
0,-0.1,0.7000000000000001,432,0.6918749021872075,0.11501083554809084,22.72666012396324
0,-0.1,0.8,432,0.7108676250901476,0.1193540060354181,18.147852477259892
0,-0.1,0.9,432,0.7233332558881875,0.12724460945568974,21.798591155066067
0,-0.1,1.0,432,0.7412409614836383,0.1299393118976529,22.35329279274345
0,-0.1,1.1,432,0.7498923804074826,0.13329670459883863,21.103868502850958
0,-0.1,1.2000000000000002,432,0.7745263867985381,0.14002286350200868,22.79984258142623
0,-0.1,1.3,432,0.7853802314997788,0.14372135560081145,22.727370608515947
0,-0.1,1.4000000000000001,432,0.7930166073784176,0.1452037511651859,21.825422798654802
0,-0.1,1.5,432,0.8051928207773523,0.15163377593120464,28.286253037369978
0,-0.1,1.6,432,0.8152123079200514,0.1556116863237286,26.656022524155762
0,-0.1,1.7000000000000002,432,0.8311937413895301,0.16489468925673792,24.23522477652442
0,-0.1,1.8,432,0.8504825845169324,0.1737307952900753,25.932988317724167
0,-0.1,1.9000000000000001,432,0.8668685940493878,0.18649018679590842,24.48745919173144
0,-0.1,2.0,432,0.8775820300610133,0.1907420408670547,24.012796069118195
0,-0.1,2.1,432,0.8947901010865121,0.19936639119416333,26.481887240062523
0,-0.1,2.2,432,0.8993077557830004,0.20274373894569042,28.148752387129733
0,-0.1,2.3000000000000003,432,0.9328749196882572,0.207915913211078,30.150013537531233
0,-0.1,2.4000000000000004,432,0.9457152291290082,0.21441288925886767,31.40125066771129
0,-0.1,2.5,432,0.9498484516310889,0.22335298118331848,28.025800576860558
0,-0.1,2.6,432,0.9553948451174107,0.2330437905090278,29.095928026940232
0,-0.1,2.7,432,0.9691585912306204,0.24174836818670203,32.716085367761764
0,-0.1,2.8000000000000003,432,0.9867272384312892,0.24655887914512314,31.21641412476521
0,-0.1,2.9000000000000004,432,1.0022284043624792,0.25063625858420135,31.9588082295368
0,-0.1,3.0,432,1.0169135662765139,0.2503097630904288,34.02966704418578
0,-0.1,3.1,432,1.0445987624029387,0.2619402554658539,35.32813559349216
0,-0.1,3.2,432,1.0603961058866953,0.27100651268917536,31.758275586191143
0,-0.1,3.3000000000000003,432,1.0770967996828313,0.292293977127962,39.510268453297755
0,-0.1,3.4000000000000004,432,1.102801310736879,0.311290915251762,45.703615580654876
0,-0.1,3.5,432,1.1204592083002287,0.32567886637047494,45.49540549181783
0,-0.1,3.6,432,1.1285750394962646,0.33164602684641553,53.441493967540886
0,-0.1,3.7,432,1.1416893206198453,0.34781642660426426,50.528934854356706
0,-0.1,3.8000000000000003,432,1.1480950741289342,0.3578989694975584,54.70528851726611
0,-0.1,3.9000000000000004,432,1.161590138948843,0.365580129711197,53.03290731210608
0,-0.1,4.0,432,1.1678682844734092,0.37548109764204546,64.64180788990434
0,-0.1,4.1000000000000005,432,1.17675603604492,0.3810217596344768,56.73758602265413
0,-0.1,4.2,432,1.1792148372181734,0.37988046864300185,57.598823150910526
0,-0.1,4.3,432,1.1811163094492678,0.38232786357874066,48.49123372064648
0,-0.1,4.4,432,1.183765403293335,0.3883631892864471,50.20668901749672
0,-0.1,4.5,432,1.1959436161899626,0.3949743906254086,45.47981489555797
0,-0.1,4.6000000000000005,432,1.2009023613747005,0.4039716101725606,50.88396683306528
0,-0.1,4.7,432,1.2064332017360349,0.4237122948019709,56.02383812904295
0,-0.1,4.800000000000001,432,1.2127976179357138,0.4368250157487364,46.30182688808096
0,-0.1,4.9,432,1.2149158407434173,0.44968477279981206,44.705672540328926
0,-0.1,5.0,432,1.220582653591754,0.46328765571620456,48.58448783093481
0,-0.1,5.1000000000000005,432,1.228286273817008,0.48543585371153253,43.311402433856806
0,-0.1,5.2,432,1.2365984372899785,0.5108291818656698,44.900170781690754
0,-0.1,5.300000000000001,432,1.2393121684134147,0.5217066258395652,51.88036736759812
0,-0.1,5.4,432,1.2422099968079263,0.5312075309064614,35.71199075627031
0,-0.1,5.5,432,1.3658157773194164,0.5488076524407819,52.7504829374027
0,-0.1,5.6000000000000005,432,1.3693895386419574,0.5670091988078271,60.56400552984037
0,-0.1,5.7,432,1.3726112625478126,0.5844287445001753,63.683526404546164
0,-0.1,5.800000000000001,431,1.3641255112741635,0.5935246712161182,72.63733745594399
0,-0.1,5.9,431,1.3676502793976555,0.6013581134835817,67.99595220354648
0,-0.1,6.0,431,1.3688877675596398,0.6194243737593387,59.298808575718326
