2020,-0.0,0.0,99,0.7965541675367208,0.11361831003369513
2020,-0.0,0.1,99,0.8012176417713971,0.11934646971564936
2020,-0.0,0.2,99,0.8747359897075336,0.16934407945819566
2020,-0.0,0.30000000000000004,99,0.8398928887743644,0.16782104291587252
2020,-0.0,0.4,99,0.8761565516707577,0.2374082327764062
2020,-0.0,0.5,99,0.8781231080753106,0.2761494545866492
2020,-0.0,0.6000000000000001,99,0.8951854711344726,0.28240371981268625
2020,-0.0,0.7000000000000001,99,0.8754509575819184,0.2713515649325092
2020,-0.0,0.8,99,0.8816137466006926,0.2774211462076616
2020,-0.0,0.9,99,0.8858790566478792,0.29115564848837705
2020,-0.0,1.0,99,0.9062646729312777,0.31284808373198447
2020,-0.0,1.1,99,0.9888494442877955,0.36900472303498005
2020,-0.0,1.2000000000000002,99,1.0069400655190615,0.41505008050629927
2020,-0.0,1.3,99,0.9206072473248827,0.3638165831670211
2020,-0.0,1.4000000000000001,99,0.8968536158053954,0.3967998031599483
2020,-0.0,1.5,99,0.85475298527512,0.39394890365890284
2020,-0.0,1.6,99,0.8752744638570101,0.41443795858608956
2020,-0.0,1.7000000000000002,99,0.7872920134754345,0.3606096043011523
2020,-0.0,1.8,99,0.7727751867128377,0.34108637361460914
2020,-0.0,1.9000000000000001,99,0.7763063240700655,0.355478125785591
2020,-0.0,2.0,99,0.7516779718645019,0.3441397261787137
2020,-0.0,2.1,99,0.8039493350891798,0.37494333118803275
2020,-0.0,2.2,98,0.8076911219774418,0.37630070680056826
2020,-0.0,2.3000000000000003,98,0.7765136249304948,0.3285168414390668
2020,-0.0,2.4000000000000004,98,0.7569348018016985,0.3170577432241788
2020,-0.0,2.5,98,0.7613295470792527,0.3536110553026117
2020,-0.0,2.6,98,0.7580841898017245,0.3651557823523989
2020,-0.0,2.7,98,0.7294925986953511,0.3230803570009916
2020,-0.0,2.8000000000000003,98,0.6925216079532135,0.28169360126747045
2020,-0.0,2.9000000000000004,98,0.6999186425075677,0.31337742720054046
2020,-0.0,3.0,98,0.6349446273405388,0.2590114296510107
2020,-0.0,3.1,98,0.6084804752874742,0.26132783080302247
2020,-0.0,3.2,98,0.5774672846320688,0.23288996171331613
2020,-0.0,3.3000000000000003,98,0.5788885674309026,0.2584437648338543
2020,-0.0,3.4000000000000004,98,0.5501835193985036,0.24397980937495467
2020,-0.0,3.5,98,0.5826188701438,0.26684423474026525
2020,-0.0,3.6,98,0.5363236366398249,0.23079138017962572
2020,-0.0,3.7,98,0.5738385896347475,0.26405679223787376
2020,-0.0,3.8000000000000003,98,0.5345803981368045,0.2361245996396839
2020,-0.0,3.9000000000000004,98,0.5578362120902929,0.2608413322947095
2020,-0.0,4.0,98,0.5791575977874288,0.28496977763869225
2020,-0.0,4.1000000000000005,98,0.42440088795805403,0.14318978279156336
2020,-0.0,4.2,98,0.4012087317048902,0.13193866958059575
2020,-0.0,4.3,98,0.4012087317048902,0.13978112113195987
2020,-0.0,4.4,98,0.4012087317048902,0.15598868670489752
2020,-0.0,4.5,98,0.41939386290022546,0.1710198536187838
2020,-0.0,4.6000000000000005,98,0.44334395897770806,0.182085376157537
2020,-0.0,4.7,98,0.3920812480602871,0.13896758784952207
2020,-0.0,4.800000000000001,98,0.2751777988262617,0.0332120151708156
2020,-0.0,4.9,98,0.21512149936312994,-0.017479342384898944
2020,-0.0,5.0,98,0.27730534726126355,0.014970127807652861
2020,-0.0,5.1000000000000005,98,0.25262104011635544,-0.03633546546012896
2020,-0.0,5.2,97,0.1231928877792562,-0.1372903255959082
2020,-0.0,5.300000000000001,97,0.12584384506938878,-0.13354928887363096
2020,-0.0,5.4,96,0.06405259899502724,-0.18679429155783497
2020,-0.0,5.5,96,0.018061954906596178,-0.23565429755312203
2020,-0.0,5.6000000000000005,95,-0.04654261376335842,-0.2903712897984549
2020,-0.0,5.7,93,-0.21143129154396376,-0.412913325403332
2020,-0.0,5.800000000000001,90,-0.5209636166582743,-0.6166874529137186
2020,-0.0,5.9,90,-0.5120273108892505,-0.614968858621445
2020,-0.0,6.0,85,-1.0,-1.0
2020,-0.005,0.0,99,0.7965541675367208,0.11361831003369513
2020,-0.005,0.1,99,0.8069043142817192,0.11760914689562703
2020,-0.005,0.2,99,0.9047709174819927,0.16318611095897237
2020,-0.005,0.30000000000000004,99,0.9434214339790715,0.21288735873710166
2020,-0.005,0.4,99,0.9711267368646596,0.26410589405191987
2020,-0.005,0.5,99,1.003618351935294,0.3078191612095501
2020,-0.005,0.6000000000000001,99,1.0428780341939723,0.3592639514718964
2020,-0.005,0.7000000000000001,99,1.0529398900042246,0.37292686707620465
2020,-0.005,0.8,99,1.0531665919921984,0.3953576060949775
2020,-0.005,0.9,99,1.044170444048706,0.3971251904876452
2020,-0.005,1.0,99,1.0809934140451842,0.4276811308067338
2020,-0.005,1.1,99,1.0818591240546642,0.39175035374333056
2020,-0.005,1.2000000000000002,99,1.127350103586504,0.4291294859477883
2020,-0.005,1.3,99,1.1053267561123186,0.4646091004269888
2020,-0.005,1.4000000000000001,99,1.1319305701485887,0.5174872200612137
2020,-0.005,1.5,99,1.1148956784238722,0.5181096382850883
2020,-0.005,1.6,99,1.0873357841253066,0.5378424785758752
2020,-0.005,1.7000000000000002,99,1.1088645235287489,0.5771606457665668
2020,-0.005,1.8,99,1.0699400450174648,0.5731875759956907
2020,-0.005,1.9000000000000001,99,1.078538817997603,0.5859536347567407
2020,-0.005,2.0,99,1.099659673159106,0.6372597707537626
2020,-0.005,2.1,99,1.080644816008591,0.6237594234817376
2020,-0.005,2.2,99,1.073508576814475,0.6279595582614877
2020,-0.005,2.3000000000000003,99,1.1349630150316936,0.6409597721930229
2020,-0.005,2.4000000000000004,99,1.1572919165098752,0.6518915697672868
2020,-0.005,2.5,99,1.0990866924844078,0.6351896112180418
2020,-0.005,2.6,99,1.0661876634609644,0.5838999908760386
2020,-0.005,2.7,98,1.0971764889732465,0.6041534481514036
2020,-0.005,2.8000000000000003,98,1.0826770107992238,0.5755288366685941
2020,-0.005,2.9000000000000004,98,1.0186650634655678,0.5372116915335104
2020,-0.005,3.0,98,0.9214738772114278,0.4678101108286057
2020,-0.005,3.1,98,0.9536281598082571,0.49897468805175127
2020,-0.005,3.2,98,0.9038686374604059,0.4841897069988974
2020,-0.005,3.3000000000000003,98,0.9213452009709024,0.516605156144633
2020,-0.005,3.4000000000000004,98,0.8676526902640405,0.4558289091699422
2020,-0.005,3.5,98,0.8448948613063142,0.4460958674258366
2020,-0.005,3.6,98,0.7952027077774703,0.42817963118704605
2020,-0.005,3.7,98,0.8033137634594739,0.417393895068817
2020,-0.005,3.8000000000000003,98,0.777679951221384,0.4127432771885872
2020,-0.005,3.9000000000000004,98,0.78217310650819,0.42118755761860954
2020,-0.005,4.0,98,0.7770260360623962,0.41626270582478964
2020,-0.005,4.1000000000000005,98,0.7553139294649683,0.39832852851684225
2020,-0.005,4.2,98,0.7585224567913186,0.3742359028413522
2020,-0.005,4.3,98,0.7261657546938043,0.35998091072590244
2020,-0.005,4.4,98,0.6560969935574746,0.30725384458770894
2020,-0.005,4.5,98,0.6743269537188193,0.33148544427014837
2020,-0.005,4.6000000000000005,98,0.6955538528464155,0.34778948997170117
2020,-0.005,4.7,98,0.650813819391276,0.32169729870724545
2020,-0.005,4.800000000000001,98,0.6213446910990431,0.2813557493736123
2020,-0.005,4.9,98,0.6519009655378342,0.30293016926402677
2020,-0.005,5.0,98,0.6047203856108947,0.2851220512088363
2020,-0.005,5.1000000000000005,98,0.5573651410155572,0.261829791364218
2020,-0.005,5.2,98,0.5873668853030157,0.27105702178347785
2020,-0.005,5.300000000000001,98,0.5873668853030157,0.2895801362146851
2020,-0.005,5.4,98,0.5054933198924522,0.19051739699123985
2020,-0.005,5.5,98,0.418088906741231,0.10918793190498204
2020,-0.005,5.6000000000000005,98,0.43763724211443195,0.13065360764502912
2020,-0.005,5.7,97,0.412211261988169,0.0913849150625724
2020,-0.005,5.800000000000001,97,0.412211261988169,0.10116887174305969
2020,-0.005,5.9,96,0.35473826797330227,0.05128823554574188
2020,-0.005,6.0,96,0.24908397073644384,-0.05281040448711163
2020,-0.01,0.0,99,0.7965541675367208,0.11361831003369513
2020,-0.01,0.1,99,0.7965254310813427,0.12530515330530384
2020,-0.01,0.2,99,0.8522358938512455,0.14420661461957868
2020,-0.01,0.30000000000000004,99,0.9247658275036533,0.18653491280530285
2020,-0.01,0.4,99,0.9458777452091173,0.20964662671751477
2020,-0.01,0.5,99,0.9697630532669358,0.23354221591113844
2020,-0.01,0.6000000000000001,99,1.0232014596715389,0.287207072803406
2020,-0.01,0.7000000000000001,99,1.0800676200690689,0.33994317628687787
2020,-0.01,0.8,99,1.0822870545367695,0.3784172875922739
2020,-0.01,0.9,99,1.1172274439582204,0.400504903481182
2020,-0.01,1.0,99,1.1339555760906306,0.4464146911089619
2020,-0.01,1.1,99,1.1699312757003437,0.4707249119406581
2020,-0.01,1.2000000000000002,99,1.1889301464423414,0.4769112817997913
2020,-0.01,1.3,99,1.1749950914522973,0.46487236013114375
2020,-0.01,1.4000000000000001,99,1.16797104319332,0.4532910669585349
2020,-0.01,1.5,99,1.1647642246277758,0.4659668767860258
2020,-0.01,1.6,99,1.159057686735049,0.4979132730448666
2020,-0.01,1.7000000000000002,99,1.1644908800630336,0.5024769048774786
2020,-0.01,1.8,99,1.2048981006167028,0.5380008693005073
2020,-0.01,1.9000000000000001,99,1.22668215182303,0.568964840640056
2020,-0.01,2.0,99,1.2099281620723337,0.595291541934078
2020,-0.01,2.1,99,1.2157747196071744,0.6491239808852536
2020,-0.01,2.2,99,1.1914450999738322,0.6880650236051671
2020,-0.01,2.3000000000000003,99,1.21796731036673,0.7066724312097421
2020,-0.01,2.4000000000000004,99,1.1974859908812001,0.7077453584935693
2020,-0.01,2.5,99,1.2115200156981114,0.72393303357834
2020,-0.01,2.6,99,1.1851219969109246,0.7130101347376896
2020,-0.01,2.7,99,1.22425663897085,0.6752706089371151
2020,-0.01,2.8000000000000003,99,1.2266245546579624,0.7026241497866205
2020,-0.01,2.9000000000000004,99,1.228573316193552,0.67187947014948
2020,-0.01,3.0,99,1.2416517106009868,0.6981659525146132
2020,-0.01,3.1,99,1.217632543897057,0.6886309909523087
2020,-0.01,3.2,99,1.2910956454195683,0.7042563481278302
2020,-0.01,3.3000000000000003,98,1.2436207431437967,0.7094402517390889
2020,-0.01,3.4000000000000004,98,1.2228429567676025,0.7250375144203928
2020,-0.01,3.5,98,1.2321849779024634,0.7394418887965009
2020,-0.01,3.6,98,1.2329182716600096,0.7511872315754284
2020,-0.01,3.7,98,1.2192111777848624,0.7443599205321818
2020,-0.01,3.8000000000000003,98,1.1980071061114914,0.7333748651746671
2020,-0.01,3.9000000000000004,98,1.1745956714478603,0.7281458352935707
2020,-0.01,4.0,98,1.103796403173293,0.6715190309306681
2020,-0.01,4.1000000000000005,98,1.0055186902706381,0.574586294304561
2020,-0.01,4.2,98,0.9403787743848625,0.5146719111586922
2020,-0.01,4.3,98,0.918945313102178,0.5038438779048273
2020,-0.01,4.4,98,0.8936172111764245,0.4635680428775957
2020,-0.01,4.5,98,0.9205132474249444,0.4883863140693264
2020,-0.01,4.6000000000000005,98,0.9339813602317529,0.5063175578920536
2020,-0.01,4.7,98,0.9071852801269249,0.5198424661871842
2020,-0.01,4.800000000000001,98,0.8921511242516997,0.4680433809242634
2020,-0.01,4.9,98,0.8650179093931935,0.4627144912636695
2020,-0.01,5.0,98,0.8415532793803603,0.453267905519931
2020,-0.01,5.1000000000000005,98,0.8706918108934015,0.47638774006637874
2020,-0.01,5.2,98,0.8559646250503661,0.4510042524773472
2020,-0.01,5.300000000000001,98,0.8235497163190895,0.43790526979406796
2020,-0.01,5.4,98,0.8402233313718052,0.4518375100240308
2020,-0.01,5.5,98,0.8312625394252579,0.42878134269773993
2020,-0.01,5.6000000000000005,98,0.7344327455137387,0.3188244933263105
2020,-0.01,5.7,98,0.7457487260210548,0.34930850261194196
2020,-0.01,5.800000000000001,98,0.759308976175891,0.38140210877991837
2020,-0.01,5.9,98,0.7197557005821476,0.34621336178384965
2020,-0.01,6.0,97,0.689093216508801,0.30587071415146305
2020,-0.015,0.0,99,0.7965541675367208,0.11361831003369513
2020,-0.015,0.1,99,0.7937040069636222,0.12187514411948121
2020,-0.015,0.2,99,0.8481671588290264,0.14555604613326115
2020,-0.015,0.30000000000000004,99,0.8682033201506528,0.16189640029446248
2020,-0.015,0.4,99,0.9337434616423009,0.19085383431734643
2020,-0.015,0.5,99,0.950046899738697,0.21467553103847095
2020,-0.015,0.6000000000000001,99,0.9874159290322955,0.24241707490018305
2020,-0.015,0.7000000000000001,99,1.0372106015384723,0.2688903703371525
2020,-0.015,0.8,99,1.0794270812986893,0.29886121838950164
2020,-0.015,0.9,99,1.0946081414762547,0.3381886321949311
2020,-0.015,1.0,99,1.1278716261818396,0.3846028857653284
2020,-0.015,1.1,99,1.154529963603663,0.4197531400743511
2020,-0.015,1.2000000000000002,99,1.208238418921739,0.44812233849185895
2020,-0.015,1.3,99,1.246544283508977,0.48048513915825874
2020,-0.015,1.4000000000000001,99,1.2744736343396643,0.5157591640914163
2020,-0.015,1.5,99,1.2577327517473624,0.5284325372702662
2020,-0.015,1.6,99,1.2290757735302444,0.5239903247720007
2020,-0.015,1.7000000000000002,99,1.2038085750539984,0.5046872915818563
2020,-0.015,1.8,99,1.1871023142077735,0.5007585867510215
2020,-0.015,1.9000000000000001,99,1.1814165239844678,0.5323317144814236
2020,-0.015,2.0,99,1.1975228795962471,0.5263679232348436
2020,-0.015,2.1,99,1.200418309744987,0.5330045249813917
2020,-0.015,2.2,99,1.227925130447546,0.5548216961409104
2020,-0.015,2.3000000000000003,99,1.2322273358356486,0.6115495576580596
2020,-0.015,2.4000000000000004,99,1.2446688036954594,0.6455493681999834
2020,-0.015,2.5,99,1.2538332077394778,0.6701141721072368
2020,-0.015,2.6,99,1.2599927743143422,0.6805394262314558
2020,-0.015,2.7,99,1.2527110083520956,0.6816742456564231
2020,-0.015,2.8000000000000003,99,1.2186404704718354,0.6722275641354282
2020,-0.015,2.9000000000000004,99,1.2104814028816904,0.6559431218874672
2020,-0.015,3.0,99,1.2374817200122739,0.6528970763266925
2020,-0.015,3.1,99,1.229439528312436,0.6766703930136044
2020,-0.015,3.2,99,1.252336649668009,0.649465052165942
2020,-0.015,3.3000000000000003,99,1.2653667008245928,0.658504910707208
2020,-0.015,3.4000000000000004,99,1.292733515986315,0.6988199280536432
2020,-0.015,3.5,99,1.299260315435249,0.7426218508683786
2020,-0.015,3.6,99,1.3056031628583735,0.7744638334056241
2020,-0.015,3.7,99,1.365645356141077,0.7781171597042549
2020,-0.015,3.8000000000000003,99,1.3657740669859166,0.7569374331435283
2020,-0.015,3.9000000000000004,99,1.3667555565514387,0.7620006860641562
2020,-0.015,4.0,99,1.386549569268169,0.7973259938461326
2020,-0.015,4.1000000000000005,99,1.33848934408826,0.7746380509344029
2020,-0.015,4.2,99,1.365395053619691,0.8125711032794792
2020,-0.015,4.3,98,1.3335892004880385,0.8158488818856804
2020,-0.015,4.4,98,1.3187743881368903,0.7930355051792597
2020,-0.015,4.5,98,1.3258494763760316,0.8046308674084784
2020,-0.015,4.6000000000000005,98,1.317874557166302,0.8164678334391078
2020,-0.015,4.7,98,1.2675269046407718,0.7612022900285599
2020,-0.015,4.800000000000001,98,1.2642205884751303,0.7631958383226167
2020,-0.015,4.9,98,1.2265460273698936,0.7446357205932203
2020,-0.015,5.0,98,1.1827321076725845,0.7029761232640307
2020,-0.015,5.1000000000000005,98,1.1405529393832896,0.6521880771728087
2020,-0.015,5.2,98,1.1270684356816083,0.645807848976443
2020,-0.015,5.300000000000001,98,1.1326391495230146,0.647348394744787
2020,-0.015,5.4,98,1.028470258413197,0.5725281762322911
2020,-0.015,5.5,98,0.9909022871859193,0.5361587028249175
2020,-0.015,5.6000000000000005,98,0.9414081341133406,0.5102928532765019
2020,-0.015,5.7,98,0.953812842594831,0.5339204488007032
2020,-0.015,5.800000000000001,98,0.985261122404324,0.5351200695469911
2020,-0.015,5.9,98,1.0466501091254976,0.5502509284978948
2020,-0.015,6.0,98,0.991081516218244,0.5242814834057131
2020,-0.02,0.0,99,0.7965541675367208,0.11361831003369513
2020,-0.02,0.1,99,0.794935055608464,0.1307990630540232
2020,-0.02,0.2,99,0.8346575926851324,0.136070884591346
2020,-0.02,0.30000000000000004,99,0.8612329941611261,0.16073376835920405
2020,-0.02,0.4,99,0.8722730341188979,0.17440029703448645
2020,-0.02,0.5,99,0.9376787362376922,0.20574174174390455
2020,-0.02,0.6000000000000001,99,0.9654379550258109,0.22999859043154058
2020,-0.02,0.7000000000000001,99,1.0064995320476442,0.23905987891851205
2020,-0.02,0.8,99,1.0385150214080299,0.2760053133714316
2020,-0.02,0.9,99,1.0754446216365612,0.28784935079806745
2020,-0.02,1.0,99,1.1035832267459769,0.30748583890702275
2020,-0.02,1.1,99,1.1259400837595572,0.3362094841870332
2020,-0.02,1.2000000000000002,99,1.1810204435182996,0.36224718587313415
2020,-0.02,1.3,99,1.2190847468895458,0.4140586884688702
2020,-0.02,1.4000000000000001,99,1.2503891022556246,0.445942867889151
2020,-0.02,1.5,99,1.2663661508553177,0.46789278209194335
2020,-0.02,1.6,99,1.274359966325922,0.5001905044715818
2020,-0.02,1.7000000000000002,99,1.2770888368209963,0.5428355439028864
2020,-0.02,1.8,99,1.2904172793134294,0.5717384238134184
2020,-0.02,1.9000000000000001,99,1.2694285416173599,0.5686630275631944
2020,-0.02,2.0,99,1.2798758664588927,0.5665470087554765
2020,-0.02,2.1,99,1.2566687718528304,0.5522438512864124
2020,-0.02,2.2,99,1.2399385224025574,0.5564542857181893
2020,-0.02,2.3000000000000003,99,1.2242974742380694,0.562388828149605
2020,-0.02,2.4000000000000004,99,1.225146255273605,0.5641048590360466
2020,-0.02,2.5,99,1.230003218260402,0.5906042492664547
2020,-0.02,2.6,99,1.2428244478344634,0.6285194262709207
2020,-0.02,2.7,99,1.247866746785411,0.6625081371754871
2020,-0.02,2.8000000000000003,99,1.2482683541268944,0.6852938192316045
2020,-0.02,2.9000000000000004,99,1.2524513001313329,0.6628346667977035
2020,-0.02,3.0,99,1.25797407202053,0.6606371600253172
2020,-0.02,3.1,99,1.2297216070087398,0.6264010058393453
2020,-0.02,3.2,99,1.2343296325449786,0.6306041596743054
2020,-0.02,3.3000000000000003,99,1.2371802976045438,0.6296124858061181
2020,-0.02,3.4000000000000004,99,1.2742539798454573,0.6520454089206645
2020,-0.02,3.5,99,1.2840178475416875,0.5884369590003704
2020,-0.02,3.6,99,1.2608615206734721,0.6014299191459379
2020,-0.02,3.7,99,1.2733175026709174,0.6229197385558777
2020,-0.02,3.8000000000000003,99,1.261112009229141,0.6476862762417939
2020,-0.02,3.9000000000000004,99,1.2654891607969585,0.6652920443301378
2020,-0.02,4.0,99,1.2790048288845253,0.699965286183188
2020,-0.02,4.1000000000000005,99,1.273369008207798,0.6918327153988765
2020,-0.02,4.2,99,1.277193096975247,0.6943543133511142
2020,-0.02,4.3,99,1.352473130722652,0.6972133760872232
2020,-0.02,4.4,99,1.359062716162503,0.7451397768089838
2020,-0.02,4.5,99,1.3750354627927508,0.7508353237858809
2020,-0.02,4.6000000000000005,99,1.3887958455167726,0.7699241539246143
2020,-0.02,4.7,99,1.394102063310699,0.7614933603010213
2020,-0.02,4.800000000000001,99,1.412843392518605,0.7967805709534083
2020,-0.02,4.9,99,1.43263229002719,0.8176920975831047
2020,-0.02,5.0,99,1.4297538165723802,0.836535439593814
2020,-0.02,5.1000000000000005,99,1.443840977630153,0.8515990472788585
2020,-0.02,5.2,99,1.4537583731928465,0.8707117178197615
2020,-0.02,5.300000000000001,98,1.3728688936134643,0.8471438719102328
2020,-0.02,5.4,98,1.3395731744686312,0.8060593237646848
2020,-0.02,5.5,98,1.3059134818132,0.7766846078236294
2020,-0.02,5.6000000000000005,98,1.3138477136371383,0.77331731065931
2020,-0.02,5.7,98,1.2868151285597342,0.7606325298968357
2020,-0.02,5.800000000000001,98,1.3265553655699815,0.7932589366014421
2020,-0.02,5.9,98,1.2652714802313936,0.7309157372035646
2020,-0.02,6.0,98,1.2969811492926757,0.7712814884300017
2020,-0.025,0.0,99,0.7965541675367208,0.11361831003369513
2020,-0.025,0.1,99,0.794935055608464,0.13085009666694783
2020,-0.025,0.2,99,0.8346575926851324,0.13104873741187792
2020,-0.025,0.30000000000000004,99,0.8603285777637519,0.16170063109124322
2020,-0.025,0.4,99,0.8682033201506528,0.16943736486484692
2020,-0.025,0.5,99,0.8831311608814563,0.19021536954632917
2020,-0.025,0.6000000000000001,99,0.9242601791042805,0.21224607933028705
2020,-0.025,0.7000000000000001,99,0.9745935953181999,0.24127390266071264
2020,-0.025,0.8,99,1.0104089899757398,0.25008870777379233
2020,-0.025,0.9,99,1.0379972719769088,0.27102834934827785
2020,-0.025,1.0,99,1.0708392197582786,0.28168133835042247
2020,-0.025,1.1,99,1.115277018064564,0.28421097265474665
2020,-0.025,1.2000000000000002,99,1.1408125571115473,0.30419343481516203
2020,-0.025,1.3,99,1.1767953039425973,0.3350396958766188
2020,-0.025,1.4000000000000001,99,1.2243542230603974,0.36371708569397426
2020,-0.025,1.5,99,1.244427702544225,0.3954624369779957
2020,-0.025,1.6,99,1.2730925860509654,0.4326711412542125
2020,-0.025,1.7000000000000002,99,1.284400539376132,0.4749258958181395
2020,-0.025,1.8,99,1.274359966325922,0.486660050031275
2020,-0.025,1.9000000000000001,99,1.287205181483276,0.545964980283359
2020,-0.025,2.0,99,1.2885691296064832,0.5608324364120661
2020,-0.025,2.1,99,1.311263006367414,0.5844051629371338
2020,-0.025,2.2,99,1.311804624736901,0.6008088400657251
2020,-0.025,2.3000000000000003,99,1.3072811189562257,0.5957723729976709
2020,-0.025,2.4000000000000004,99,1.305615965193141,0.6049595306151573
2020,-0.025,2.5,99,1.2652631971060257,0.5988474578688284
2020,-0.025,2.6,99,1.2553118978657178,0.5761344083130553
2020,-0.025,2.7,99,1.2735268341134411,0.6163744634103635
2020,-0.025,2.8000000000000003,99,1.2426378128913254,0.6153153732054458
2020,-0.025,2.9000000000000004,99,1.2670729676020198,0.6431904120285695
2020,-0.025,3.0,99,1.268679333553556,0.6778068804748364
2020,-0.025,3.1,99,1.256384617334451,0.6859282025137851
2020,-0.025,3.2,99,1.2551253367023725,0.6734167392776997
2020,-0.025,3.3000000000000003,99,1.25540084384214,0.6756211629450666
2020,-0.025,3.4000000000000004,99,1.2330269569820373,0.6330853525110378
2020,-0.025,3.5,99,1.2330269569820373,0.6333194209633379
2020,-0.025,3.6,99,1.2364687790656543,0.644728563270577
2020,-0.025,3.7,99,1.2440074217736745,0.6303553937771016
2020,-0.025,3.8000000000000003,99,1.2727415858704045,0.6110702150158542
2020,-0.025,3.9000000000000004,99,1.2657279525635863,0.5861947914841589
2020,-0.025,4.0,99,1.2688458723128762,0.5992339032964201
2020,-0.025,4.1000000000000005,99,1.2752004267601846,0.5972634321700241
2020,-0.025,4.2,99,1.2884080698443099,0.6339601760263968
2020,-0.025,4.3,99,1.3030676309653761,0.6270516359935305
2020,-0.025,4.4,99,1.2947110203555117,0.6059544190622401
2020,-0.025,4.5,99,1.2917543241656695,0.6274124702393306
2020,-0.025,4.6000000000000005,99,1.2816194304262054,0.6399113697238741
2020,-0.025,4.7,99,1.2730240435494793,0.636065046450591
2020,-0.025,4.800000000000001,99,1.2783438944351013,0.6326041476349125
2020,-0.025,4.9,99,1.2909064363859961,0.6577132791877756
2020,-0.025,5.0,99,1.2782862630296952,0.6523913413231204
2020,-0.025,5.1000000000000005,99,1.3451581521756857,0.672020406355831
2020,-0.025,5.2,99,1.3626493912587716,0.6826334102196641
2020,-0.025,5.300000000000001,99,1.3694319644773427,0.7192186372250619
2020,-0.025,5.4,99,1.3777036503408586,0.746657421968547
2020,-0.025,5.5,99,1.3886677038279773,0.774046525495372
2020,-0.025,5.6000000000000005,99,1.3904037469750679,0.7594382857511299
2020,-0.025,5.7,99,1.4085243545302804,0.7802147214945568
2020,-0.025,5.800000000000001,99,1.434202492853841,0.8101456133647194
2020,-0.025,5.9,99,1.4488106011232915,0.8330703658535324
2020,-0.025,6.0,99,1.455283855824972,0.8626607356598789
2020,-0.03,0.0,99,0.7965541675367208,0.11361831003369513
2020,-0.03,0.1,99,0.794935055608464,0.13085009666694783
2020,-0.03,0.2,99,0.8102494386147713,0.12827430186451552
2020,-0.03,0.30000000000000004,99,0.847041828019145,0.15787051545175101
2020,-0.03,0.4,99,0.8672989037532787,0.16948368937442074
2020,-0.03,0.5,99,0.8747466358191336,0.1884425176913379
2020,-0.03,0.6000000000000001,99,0.900815312745078,0.20223725386057367
2020,-0.03,0.7000000000000001,99,0.9289663675011641,0.22177978062450132
2020,-0.03,0.8,99,0.9869618295843983,0.23895083399403325
2020,-0.03,0.9,99,1.0148352269010033,0.2503047897169329
2020,-0.03,1.0,99,1.0351218839264538,0.2636769931772167
2020,-0.03,1.1,99,1.06795447346834,0.28001870079055385
2020,-0.03,1.2000000000000002,99,1.1060806957855258,0.2797656141129612
2020,-0.03,1.3,99,1.153248116479713,0.28915430111661133
2020,-0.03,1.4000000000000001,99,1.187201131905542,0.30804766171386855
2020,-0.03,1.5,99,1.233817518644542,0.3423666100708718
2020,-0.03,1.6,99,1.239992747215443,0.369943048797297
2020,-0.03,1.7000000000000002,99,1.2683633561187464,0.3934878604914456
2020,-0.03,1.8,99,1.2822130947544768,0.42239448310394234
2020,-0.03,1.9000000000000001,99,1.282370923037305,0.4680272964024859
2020,-0.03,2.0,99,1.2988406508652242,0.5073507030439904
2020,-0.03,2.1,99,1.3201696052542882,0.5293824499894075
2020,-0.03,2.2,99,1.3085341358723397,0.5547468451053393
2020,-0.03,2.3000000000000003,99,1.308865316531389,0.5622871621077584
2020,-0.03,2.4000000000000004,99,1.3103081787960107,0.5950911228605646
2020,-0.03,2.5,99,1.3201886122796587,0.6202008181049559
2020,-0.03,2.6,99,1.3201886122796587,0.6199075706814455
2020,-0.03,2.7,99,1.3147055166214023,0.6291084792936876
2020,-0.03,2.8000000000000003,99,1.334814392263065,0.6546011844824683
2020,-0.03,2.9000000000000004,99,1.3029841809270881,0.62847423735814
2020,-0.03,3.0,99,1.2735268341134411,0.6170328512215059
2020,-0.03,3.1,99,1.2762234838689144,0.6368790098780773
2020,-0.03,3.2,99,1.2849057929205256,0.6669008671927849
2020,-0.03,3.3000000000000003,99,1.2640490983361123,0.6752331199679585
2020,-0.03,3.4000000000000004,99,1.2766772067144554,0.6754488400471943
2020,-0.03,3.5,99,1.2769906989081352,0.6786762620348558
2020,-0.03,3.6,99,1.2816291301516765,0.693074335210312
2020,-0.03,3.7,99,1.2378428901565905,0.6503581806871311
2020,-0.03,3.8000000000000003,99,1.2378428901565905,0.6539040627411828
2020,-0.03,3.9000000000000004,99,1.2269793704120762,0.6613613616745904
2020,-0.03,4.0,99,1.2334354071641784,0.6257045152261032
2020,-0.03,4.1000000000000005,99,1.2341884041620852,0.6146065239703693
2020,-0.03,4.2,99,1.2605656032855062,0.6044445709121256
2020,-0.03,4.3,99,1.2670607037239323,0.5969097016862713
2020,-0.03,4.4,99,1.276178794614904,0.6136790355060779
2020,-0.03,4.5,99,1.2779803772934066,0.6369932864895942
2020,-0.03,4.6000000000000005,99,1.2656702974527398,0.605296083094779
2020,-0.03,4.7,99,1.2855416449190813,0.5774674795682307
2020,-0.03,4.800000000000001,99,1.290186359613266,0.5573209058243428
2020,-0.03,4.9,99,1.295770348883709,0.5695180272173503
2020,-0.03,5.0,99,1.2970298213897737,0.5752778219151965
2020,-0.03,5.1000000000000005,99,1.3138619904042905,0.586083878766743
2020,-0.03,5.2,99,1.3170379117717217,0.5959646184270175
2020,-0.03,5.300000000000001,99,1.2932882477584169,0.5814607244187225
2020,-0.03,5.4,99,1.2826026539430022,0.6033395568015003
2020,-0.03,5.5,99,1.2863596096544196,0.6029057562635372
2020,-0.03,5.6000000000000005,99,1.283843223210447,0.6107770842668031
2020,-0.03,5.7,99,1.2870006810585033,0.6358730928819072
2020,-0.03,5.800000000000001,99,1.2931927632055102,0.6583186296456535
2020,-0.03,5.9,99,1.3632178643370614,0.6546933036995577
2020,-0.03,6.0,99,1.35729888948241,0.6541606189947271
2020,-0.035,0.0,99,0.7965541675367208,0.11361831003369513
2020,-0.035,0.1,99,0.794935055608464,0.13144956314178524
2020,-0.035,0.2,99,0.8102494386147713,0.12797861069945363
2020,-0.035,0.30000000000000004,99,0.8382126927170798,0.15400856742770372
2020,-0.035,0.4,99,0.8606365353887826,0.1712138938530357
2020,-0.035,0.5,99,0.8690603755531627,0.18572875483411605
2020,-0.035,0.6000000000000001,99,0.8978513709130062,0.19764147551467215
2020,-0.035,0.7000000000000001,99,0.9126854358472362,0.2188943045926043
2020,-0.035,0.8,99,0.9328513864261078,0.22106489653770972
2020,-0.035,0.9,99,0.9884101550291787,0.23996538494453482
2020,-0.035,1.0,99,1.0137099848431186,0.25573629528964037
2020,-0.035,1.1,99,1.0352468260992609,0.2604020473505044
2020,-0.035,1.2000000000000002,99,1.052595271116202,0.26352563568063075
2020,-0.035,1.3,99,1.1081747099051693,0.2669919767701672
2020,-0.035,1.4000000000000001,99,1.1460157310582533,0.28716730712940236
2020,-0.035,1.5,99,1.1939676578051446,0.2935390112702533
2020,-0.035,1.6,99,1.228827888886854,0.32657770135942726
2020,-0.035,1.7000000000000002,99,1.2445562284508749,0.33388452102321137
2020,-0.035,1.8,99,1.2622399131258673,0.37314216037523534
2020,-0.035,1.9000000000000001,99,1.2811040817760277,0.396303807168758
2020,-0.035,2.0,99,1.2822130947544768,0.4132557670948054
2020,-0.035,2.1,99,1.2822130947544768,0.4494658724140109
2020,-0.035,2.2,99,1.3192226355573184,0.4894887944506532
2020,-0.035,2.3000000000000003,99,1.3201696052542882,0.5254474277926027
2020,-0.035,2.4000000000000004,99,1.3205007859133375,0.536370197508043
2020,-0.035,2.5,99,1.308865316531389,0.5429175074796586
2020,-0.035,2.6,99,1.3174597417845844,0.5801848597145728
2020,-0.035,2.7,99,1.317943943368323,0.6052152050928311
2020,-0.035,2.8000000000000003,99,1.318902604049206,0.6271049752967233
2020,-0.035,2.9000000000000004,99,1.3384035485273824,0.6407789918577862
2020,-0.035,3.0,99,1.3384035485273824,0.6705205617290053
2020,-0.035,3.1,99,1.3317513544778052,0.6568467214207712
2020,-0.035,3.2,99,1.3329204528691259,0.6592080296923268
2020,-0.035,3.3000000000000003,99,1.318041844751518,0.6566768498700787
2020,-0.035,3.4000000000000004,99,1.275074058581558,0.653858843401981
2020,-0.035,3.5,99,1.2858606252943827,0.7073853352517924
2020,-0.035,3.6,99,1.2950803387921932,0.704072864862212
2020,-0.035,3.7,99,1.299199061339981,0.7005117570447799
2020,-0.035,3.8000000000000003,99,1.288393440747108,0.6896954039400484
2020,-0.035,3.9000000000000004,99,1.2766772067144554,0.67858607626844
2020,-0.035,4.0,99,1.248531240424159,0.6507585883817172
2020,-0.035,4.1000000000000005,99,1.2534831638613804,0.6657968387136788
2020,-0.035,4.2,99,1.2378428901565905,0.6614160176227158
2020,-0.035,4.3,99,1.2383662585556066,0.6469009226745378
2020,-0.035,4.4,99,1.2385071373575733,0.6329039291993661
2020,-0.035,4.5,99,1.2281408175921242,0.6045336331271308
2020,-0.035,4.6000000000000005,99,1.2436105242913882,0.6049261958803052
2020,-0.035,4.7,99,1.257403006324056,0.619279952966196
2020,-0.035,4.800000000000001,99,1.2605656032855062,0.6491484293361253
2020,-0.035,4.9,99,1.26400763979685,0.6040418688940057
2020,-0.035,5.0,99,1.2734486447036182,0.5859245010949484
2020,-0.035,5.1000000000000005,99,1.276810107746217,0.5761719807422295
2020,-0.035,5.2,99,1.2952739394746617,0.5904355387963864
2020,-0.035,5.300000000000001,99,1.298677321658202,0.5785976136343711
2020,-0.035,5.4,99,1.2886673431374085,0.5654818062037879
2020,-0.035,5.5,99,1.2934163851276348,0.5722378467035034
2020,-0.035,5.6000000000000005,99,1.2962154272739967,0.5734375424365884
2020,-0.035,5.7,99,1.3047238844890618,0.585019724643653
2020,-0.035,5.800000000000001,99,1.3081603209318833,0.5544108471343612
2020,-0.035,5.9,99,1.315351241893542,0.5507689010049067
2020,-0.035,6.0,99,1.3176541293500665,0.5680342951197014
2020,-0.04,0.0,99,0.7965541675367208,0.11361831003369513
2020,-0.04,0.1,99,0.7884122259061389,0.12733236605614504
2020,-0.04,0.2,99,0.8011831661338646,0.12439444397367776
2020,-0.04,0.30000000000000004,99,0.8379898763177926,0.1476231605167584
2020,-0.04,0.4,99,0.850233396860644,0.1658968936066483
2020,-0.04,0.5,99,0.8672989037532787,0.18079842340955846
2020,-0.04,0.6000000000000001,99,0.8966797514336192,0.1959037802067436
2020,-0.04,0.7000000000000001,99,0.9037496249571912,0.2048678965663328
2020,-0.04,0.8,99,0.9157391891071776,0.22105964372146117
2020,-0.04,0.9,99,0.9414081845802983,0.22546805840664447
2020,-0.04,1.0,99,1.0027035500483543,0.2455506751148931
2020,-0.04,1.1,99,1.0180789319927075,0.2546741005220341
2020,-0.04,1.2000000000000002,99,1.0333686422422754,0.251866959534327
2020,-0.04,1.3,99,1.0585892749813015,0.2436858209431655
2020,-0.04,1.4000000000000001,99,1.1040618636554067,0.2590086600475443
2020,-0.04,1.5,99,1.140912835553722,0.2858039649988893
2020,-0.04,1.6,99,1.1897249229890305,0.28855712762624397
2020,-0.04,1.7000000000000002,99,1.2195298879570537,0.3111259473594209
2020,-0.04,1.8,99,1.2413543278202084,0.32082347843985454
2020,-0.04,1.9000000000000001,99,1.2615535676139038,0.3430875746915614
2020,-0.04,2.0,99,1.2715061164777888,0.37197182259062544
2020,-0.04,2.1,99,1.2811040817760277,0.38539466024701946
2020,-0.04,2.2,99,1.3010255183641308,0.42013741528332466
2020,-0.04,2.3000000000000003,99,1.3163872643008945,0.44366487496628326
2020,-0.04,2.4000000000000004,99,1.3185137927432125,0.47282516884063125
2020,-0.04,2.5,99,1.3195538162163678,0.5099590102664241
2020,-0.04,2.6,99,1.3205007859133375,0.5221209407693843
2020,-0.04,2.7,99,1.3290952111665328,0.5397499498965868
2020,-0.04,2.8000000000000003,99,1.3174597417845844,0.5487765891644001
2020,-0.04,2.9000000000000004,99,1.3174597417845844,0.6000290619997739
2020,-0.04,3.0,99,1.3357535921737222,0.6270827757561884
2020,-0.04,3.1,99,1.3361588796160466,0.6378629341696223
2020,-0.04,3.2,99,1.3371175402969293,0.6723598929606165
2020,-0.04,3.3000000000000003,99,1.3384035485273824,0.6672932066581969
2020,-0.04,3.4000000000000004,99,1.3443364118018553,0.6778300213822899
2020,-0.04,3.5,99,1.3314785648531635,0.6512221519657815
2020,-0.04,3.6,99,1.352918222409058,0.6983666991099069
2020,-0.04,3.7,99,1.3386295746861543,0.7078590397612394
2020,-0.04,3.8000000000000003,99,1.2847112000070264,0.7053838166343955
2020,-0.04,3.9000000000000004,99,1.290951951470708,0.7202404519841507
2020,-0.04,4.0,99,1.2953106549834215,0.7077057293786623
2020,-0.04,4.1000000000000005,99,1.297204594377361,0.7077934417019801
2020,-0.04,4.2,99,1.3046677610761965,0.7078485738689125
2020,-0.04,4.3,99,1.261083863828233,0.6607291139007958
2020,-0.04,4.4,99,1.248531240424159,0.6448266445866659
2020,-0.04,4.5,99,1.248531240424159,0.662548648516066
2020,-0.04,4.6000000000000005,99,1.250453173716726,0.6331004736164532
2020,-0.04,4.7,99,1.2540065322603964,0.6483310648706754
2020,-0.04,4.800000000000001,99,1.2385071373575733,0.620155602304677
2020,-0.04,4.9,99,1.2390043373366386,0.6168563114517731
2020,-0.04,5.0,99,1.2507888491211503,0.6451950659396959
2020,-0.04,5.1000000000000005,99,1.2426720952812966,0.6132705903393619
2020,-0.04,5.2,99,1.2546557497870983,0.6087751647788298
2020,-0.04,5.300000000000001,99,1.258199006951439,0.5962927117295539
2020,-0.04,5.4,99,1.2605656032855062,0.5867968914914539
2020,-0.04,5.5,99,1.268438350411771,0.6079447497744233
2020,-0.04,5.6000000000000005,99,1.272157491556655,0.5960441922728485
2020,-0.04,5.7,99,1.2914637076063742,0.5868209228549818
2020,-0.04,5.800000000000001,99,1.295510596334399,0.5541455278196211
2020,-0.04,5.9,99,1.2969856116408796,0.5751090122410136
2020,-0.04,6.0,99,1.3018213644519265,0.5908051064203368
2020,-0.045,0.0,99,0.7965541675367208,0.11361831003369513
2020,-0.045,0.1,99,0.7884122259061389,0.12676391094223538
2020,-0.045,0.2,99,0.8097301901440125,0.1341403073220131
2020,-0.045,0.30000000000000004,99,0.8351684522000722,0.14568642936659565
2020,-0.045,0.4,99,0.847041828019145,0.16134003034818267
2020,-0.045,0.5,99,0.8671546036089784,0.1793859230535082
2020,-0.045,0.6000000000000001,99,0.8839868465294672,0.19545805582102468
2020,-0.045,0.7000000000000001,99,0.8982894204831505,0.20251433263027793
2020,-0.045,0.8,99,0.9071823833919219,0.2106441740369176
2020,-0.045,0.9,99,0.9193114975575347,0.22172051242937807
2020,-0.045,1.0,99,0.9501070686601893,0.22450428684391552
2020,-0.045,1.1,99,1.0033048006496048,0.2435434395721741
2020,-0.045,1.2000000000000002,99,1.0099295530861483,0.24945891799251493
2020,-0.045,1.3,99,1.0323375872974447,0.23466430146282563
2020,-0.045,1.4000000000000001,99,1.057213282972992,0.24593643323671782
2020,-0.045,1.5,99,1.0975597749552615,0.2562452731366663
2020,-0.045,1.6,99,1.1434507697100724,0.2819163689306306
2020,-0.045,1.7000000000000002,99,1.1907398371445694,0.2889252947019518
2020,-0.045,1.8,99,1.2126143359296957,0.290424516426416
2020,-0.045,1.9000000000000001,99,1.2361660279597773,0.3177560797176628
2020,-0.045,2.0,99,1.2584578805991915,0.33687805310769975
2020,-0.045,2.1,99,1.2652798548767765,0.3451997018114585
2020,-0.045,2.2,99,1.2805818382604626,0.3754434715766041
2020,-0.045,2.3000000000000003,99,1.3010255183641308,0.39318839816711515
2020,-0.045,2.4000000000000004,99,1.3024330361650913,0.41896023992264453
2020,-0.045,2.5,99,1.316718444959944,0.44400636340263205
2020,-0.045,2.6,99,1.3179589198846295,0.4590172215716573
2020,-0.045,2.7,99,1.3195538162163678,0.4884311163066044
2020,-0.045,2.8000000000000003,99,1.32137530984114,0.5056981141096303
2020,-0.045,2.9000000000000004,99,1.3283060697523914,0.5306868696069427
2020,-0.045,3.0,99,1.3290952111665328,0.545556943724491
2020,-0.045,3.1,99,1.3473101474142561,0.5996913907287104
2020,-0.045,3.2,99,1.335674678032308,0.6223066616629153
2020,-0.045,3.3000000000000003,99,1.3357535921737222,0.6481874669929844
2020,-0.045,3.4000000000000004,99,1.3357535921737222,0.6602019346495401
2020,-0.045,3.5,99,1.3361588796160466,0.6767154978156092
2020,-0.045,3.6,99,1.3371175402969293,0.6621943266715774
2020,-0.045,3.7,99,1.353610691680222,0.6699006247572891
2020,-0.045,3.8000000000000003,99,1.3539406509142908,0.6970162869591974
2020,-0.045,3.9000000000000004,99,1.3410828039655995,0.6963730941256419
2020,-0.045,4.0,99,1.3521544114600619,0.736136362889533
2020,-0.045,4.1000000000000005,99,1.352918222409058,0.763946131044
2020,-0.045,4.2,99,1.310030806264655,0.7370818851824487
2020,-0.045,4.3,99,1.2899138171310527,0.7315065564108733
2020,-0.045,4.4,99,1.2952181548909214,0.7287475459734425
2020,-0.045,4.5,99,1.297204594377361,0.7116660021523113
2020,-0.045,4.6000000000000005,99,1.2764574571419451,0.6603013168201005
2020,-0.045,4.7,99,1.2765217947859004,0.6715638336864487
2020,-0.045,4.800000000000001,99,1.2773581841573216,0.6701329458330236
2020,-0.045,4.9,99,1.2458088019334588,0.6297270705279909
2020,-0.045,5.0,99,1.249054608823175,0.6333547246191594
2020,-0.045,5.1000000000000005,99,1.2506630499220621,0.6094241099921294
2020,-0.045,5.2,99,1.2537046223130077,0.5941973622137832
2020,-0.045,5.300000000000001,99,1.2546446110414287,0.6401591346918603
2020,-0.045,5.4,99,1.2507888491211503,0.6197397097108612
2020,-0.045,5.5,99,1.2507888491211503,0.6356686961424101
2020,-0.045,5.6000000000000005,99,1.261067069925687,0.5944668419654568
2020,-0.045,5.7,99,1.2530055847705965,0.5886335172223154
2020,-0.045,5.800000000000001,99,1.2576683317470483,0.6118699304942753
2020,-0.045,5.9,99,1.2580531966287973,0.6100961161727398
2020,-0.045,6.0,99,1.261768332603394,0.6000752881977427
2020,-0.05,0.0,99,0.7965541675367208,0.11361831003369513
2020,-0.05,0.1,99,0.7884122259061389,0.12676391094223538
2020,-0.05,0.2,99,0.7941127183549926,0.13055817076529927
2020,-0.05,0.30000000000000004,99,0.8324121033538732,0.1396139986917137
2020,-0.05,0.4,99,0.847041828019145,0.16459830099793188
2020,-0.05,0.5,99,0.8604922352444824,0.17589262234684172
2020,-0.05,0.6000000000000001,99,0.8831031186116185,0.19657740515154024
2020,-0.05,0.7000000000000001,99,0.8975162704809257,0.1930621969138997
2020,-0.05,0.8,99,0.9043303830393864,0.21081365081756218
2020,-0.05,0.9,99,0.9083263601880727,0.21710687917424787
2020,-0.05,1.0,99,0.9221632458587723,0.22598832139814912
2020,-0.05,1.1,99,0.9564343412642664,0.22694705578114904
2020,-0.05,1.2000000000000002,99,0.9979881922527479,0.24084239050043177
2020,-0.05,1.3,99,1.0133642842286448,0.23644455545977527
2020,-0.05,1.4000000000000001,99,1.0361172474722946,0.2347455547926144
2020,-0.05,1.5,99,1.0509631372297301,0.24691499741336773
2020,-0.05,1.6,99,1.095266744896984,0.25571584128994246
2020,-0.05,1.7000000000000002,99,1.14067651851594,0.2669110314159156
2020,-0.05,1.8,99,1.1782611709628499,0.28481903836412287
2020,-0.05,1.9000000000000001,99,1.2114929582569993,0.2869320459917832
2020,-0.05,2.0,99,1.2206180853900006,0.31427008514529486
2020,-0.05,2.1,99,1.2579753133413798,0.32534004290801716
2020,-0.05,2.2,99,1.2650580954221842,0.3374403893876423
2020,-0.05,2.3000000000000003,99,1.2952325718455022,0.35051272694368457
2020,-0.05,2.4000000000000004,99,1.3019107926495261,0.36085923165041767
2020,-0.05,2.5,99,1.3024330361650913,0.39389402097671655
2020,-0.05,2.6,99,1.3156094319814948,0.412359315148225
2020,-0.05,2.7,99,1.3156094319814948,0.43687201461348185
2020,-0.05,2.8000000000000003,99,1.3179589198846295,0.4510637328986295
2020,-0.05,2.9000000000000004,99,1.32137530984114,0.4687397957415153
2020,-0.05,3.0,99,1.3281482414695631,0.49212741864151666
2020,-0.05,3.1,99,1.3281482414695631,0.5167830357867247
2020,-0.05,3.2,99,1.3465210060001147,0.545219208507415
2020,-0.05,3.3000000000000003,99,1.3473101474142561,0.5730009153366987
2020,-0.05,3.4000000000000004,99,1.3473101474142561,0.6100966605675453
2020,-0.05,3.5,99,1.335674678032308,0.6339926239180309
2020,-0.05,3.6,99,1.335674678032308,0.6560915420297914
2020,-0.05,3.7,99,1.3357535921737222,0.6714111764384133
2020,-0.05,3.8000000000000003,99,1.3457631187284824,0.6796909763119987
2020,-0.05,3.9000000000000004,99,1.3457631187284824,0.6854143662079331
2020,-0.05,4.0,99,1.3523246834497693,0.6881395238314197
2020,-0.05,4.1000000000000005,99,1.353610691680222,0.7112734901431875
2020,-0.05,4.2,99,1.340872366255162,0.7126749541073302
2020,-0.05,4.3,99,1.351312660618311,0.7384139096055562
2020,-0.05,4.4,99,1.3517491240177375,0.7722601648470082
2020,-0.05,4.5,99,1.3529511247220907,0.7779921878827362
2020,-0.05,4.6000000000000005,99,1.3398205545903856,0.7869153533936799
2020,-0.05,4.7,99,1.3028724093197255,0.7485431976550274
2020,-0.05,4.800000000000001,99,1.2959626689975046,0.7203451414696526
2020,-0.05,4.9,99,1.2690586280870648,0.6745972554748334
2020,-0.05,5.0,99,1.2711817703375958,0.6747884689947812
2020,-0.05,5.1000000000000005,99,1.2764574571419451,0.6587334711455316
2020,-0.05,5.2,99,1.2765217947859004,0.6428752807262579
2020,-0.05,5.300000000000001,99,1.2773581841573216,0.6588591550023872
2020,-0.05,5.4,99,1.2637947121217354,0.589288292092289
2020,-0.05,5.5,99,1.249054608823175,0.590724026880182
2020,-0.05,5.6000000000000005,99,1.250803928724029,0.6113656391416898
2020,-0.05,5.7,99,1.2530382450898923,0.6161274966407824
2020,-0.05,5.800000000000001,99,1.265986334076585,0.6344875939213519
2020,-0.05,5.9,99,1.2664291228259406,0.6184198091882667
2020,-0.05,6.0,99,1.2507888491211503,0.6042621249203272
2020,-0.055,0.0,99,0.7965541675367208,0.11361831003369513
2020,-0.055,0.1,99,0.7884122259061389,0.1272038353787439
2020,-0.055,0.2,99,0.7941127183549926,0.13051588777148593
2020,-0.055,0.30000000000000004,99,0.8324121033538732,0.13949222881917464
2020,-0.055,0.4,99,0.8382126927170798,0.1604428789705523
2020,-0.055,0.5,99,0.8473497856441758,0.17411190433414628
2020,-0.055,0.6000000000000001,99,0.8829588184673184,0.19629901668366384
2020,-0.055,0.7000000000000001,99,0.8844104448145584,0.19538383952647376
2020,-0.055,0.8,99,0.9031845253782554,0.2067257484473711
2020,-0.055,0.9,99,0.9063607385417567,0.2136831890428691
2020,-0.055,1.0,99,0.9166134124805951,0.21426162681650865
2020,-0.055,1.1,99,0.9292638359689651,0.22618139230195347
2020,-0.055,1.2000000000000002,99,0.9644004636793648,0.2224227006110854
2020,-0.055,1.3,99,0.9887477847496268,0.22418183101370637
2020,-0.055,1.4000000000000001,99,1.0138998311559442,0.23438152377180632
2020,-0.055,1.5,99,1.0316828711487767,0.23705700286246537
2020,-0.055,1.6,99,1.0545321988581229,0.24524748459406806
2020,-0.055,1.7000000000000002,99,1.09525216386472,0.25361681933341906
2020,-0.055,1.8,99,1.1386361138846555,0.25384219523372215
2020,-0.055,1.9000000000000001,99,1.1657307365630543,0.2790432917561191
2020,-0.055,2.0,99,1.207583878082778,0.28260734253235853
2020,-0.055,2.1,99,1.2197540582931263,0.2874093876980911
2020,-0.055,2.2,99,1.2416131270930693,0.3206055371115945
2020,-0.055,2.3000000000000003,99,1.2650580954221842,0.33221714655211193
2020,-0.055,2.4000000000000004,99,1.2894413656335886,0.33888295141309405
2020,-0.055,2.5,99,1.3015426719549028,0.350258157306705
2020,-0.055,2.6,99,1.3019107926495261,0.3715094087723136
2020,-0.055,2.7,99,1.3156094319814948,0.40384345680083106
2020,-0.055,2.8000000000000003,99,1.3156094319814948,0.4127434467812272
2020,-0.055,2.9000000000000004,99,1.3156094319814948,0.43911247184843505
2020,-0.055,3.0,99,1.3186714005309526,0.4479380578977622
2020,-0.055,3.1,99,1.320666467027034,0.4544235555127797
2020,-0.055,3.2,99,1.3281482414695631,0.477093306390795
2020,-0.055,3.3000000000000003,99,1.3281482414695631,0.4962373822974741
2020,-0.055,3.4000000000000004,99,1.3463631777172864,0.5395922305633555
2020,-0.055,3.5,99,1.3465210060001147,0.5658749324758283
2020,-0.055,3.6,99,1.3473101474142561,0.581209196968955
2020,-0.055,3.7,99,1.3473101474142561,0.633834291183956
2020,-0.055,3.8000000000000003,99,1.335674678032308,0.6442524286491749
2020,-0.055,3.9000000000000004,99,1.335674678032308,0.6673680122406247
2020,-0.055,4.0,99,1.3453578312861578,0.6941465069131909
2020,-0.055,4.1000000000000005,99,1.3453578312861578,0.679379681317015
2020,-0.055,4.2,99,1.3457631187284824,0.6920919237941497
2020,-0.055,4.3,99,1.3461917881386332,0.6966760878146727
2020,-0.055,4.4,99,1.3523246834497693,0.7134624164556629
2020,-0.055,4.5,99,1.353610691680222,0.7125898071378991
2020,-0.055,4.6000000000000005,99,1.3542605924107032,0.761092871992702
2020,-0.055,4.7,99,1.3512658966826583,0.7686603338314155
2020,-0.055,4.800000000000001,99,1.3514763343930962,0.7790787216552119
2020,-0.055,4.9,99,1.3529511247220907,0.8042523499390075
2020,-0.055,5.0,99,1.338721602102544,0.784236731208785
2020,-0.055,5.1000000000000005,99,1.3264472304021109,0.7448072230382354
2020,-0.055,5.2,99,1.2959626689975046,0.6926542113215627
2020,-0.055,5.300000000000001,99,1.2679092027997085,0.6786872134599113
2020,-0.055,5.4,99,1.271053095049685,0.665309011713937
2020,-0.055,5.5,99,1.2764574571419451,0.639320254640942
2020,-0.055,5.6000000000000005,99,1.2764574571419451,0.6309702947056313
2020,-0.055,5.7,99,1.2765217947859004,0.6116110592191412
2020,-0.055,5.800000000000001,99,1.2778815525563376,0.6106009021123371
2020,-0.055,5.9,99,1.2637947121217354,0.6188805317356191
2020,-0.055,6.0,99,1.2464730491344413,0.6013544993608672
2020,-0.06,0.0,99,0.7965541675367208,0.11361831003369513
2020,-0.06,0.1,99,0.7884122259061389,0.1272038353787439
2020,-0.06,0.2,99,0.7941127183549926,0.12799937314424464
2020,-0.06,0.30000000000000004,99,0.8108253734012323,0.1340420305127831
2020,-0.06,0.4,99,0.8351684522000722,0.15875282471999094
2020,-0.06,0.5,99,0.8473497856441758,0.16920663436279648
2020,-0.06,0.6000000000000001,99,0.8754393947003124,0.19426880602598917
2020,-0.06,0.7000000000000001,99,0.8835267168967097,0.1929393466216823
2020,-0.06,0.8,99,0.8980287378533764,0.2053737636077951
2020,-0.06,0.9,99,0.9050243937271509,0.21023741589337183
2020,-0.06,1.0,99,0.9076507168014318,0.21326746040931277
2020,-0.06,1.1,99,0.9220204032916873,0.21777087876395976
2020,-0.06,1.2000000000000002,99,0.9430919738337691,0.2180215456980047
2020,-0.06,1.3,99,0.9644004636793648,0.21745056861082782
2020,-0.06,1.4000000000000001,99,0.9718158314990482,0.21711490143291345
2020,-0.06,1.5,99,1.0139406433179685,0.24339100453915233
2020,-0.06,1.6,99,1.0382793901906835,0.2389761212010152
2020,-0.06,1.7000000000000002,99,1.0545134752450747,0.2486656513350381
2020,-0.06,1.8,99,1.0738508839475245,0.25065307152694194
2020,-0.06,1.9000000000000001,99,1.1315598670167262,0.24904835306492676
2020,-0.06,2.0,99,1.1586564806048405,0.2686547392493641
2020,-0.06,2.1,99,1.200434734698526,0.28926561341652357
2020,-0.06,2.2,99,1.2192250379162446,0.28723732965002585
2020,-0.06,2.3000000000000003,99,1.2351675268294287,0.3124535736225032
2020,-0.06,2.4000000000000004,99,1.261434856531925,0.33269567629946545
2020,-0.06,2.5,99,1.2894413656335886,0.3319554995825031
2020,-0.06,2.6,99,1.2966223488900952,0.34512958872021354
2020,-0.06,2.7,99,1.3015426719549028,0.3631920825593081
2020,-0.06,2.8000000000000003,99,1.3020778713121774,0.37040343723329616
2020,-0.06,2.9000000000000004,99,1.3150871884659296,0.3979837134001129
2020,-0.06,3.0,99,1.3156094319814948,0.4130618062673234
2020,-0.06,3.1,99,1.317430925606267,0.4308362275452664
2020,-0.06,3.2,99,1.3186714005309526,0.44877179835969183
2020,-0.06,3.3000000000000003,99,1.326330385677008,0.44668523331549337
2020,-0.06,3.4000000000000004,99,1.3281482414695631,0.45787435808534976
2020,-0.06,3.5,99,1.3463631777172864,0.49974096715680794
2020,-0.06,3.6,99,1.3463631777172864,0.5263365423848604
2020,-0.06,3.7,99,1.3463631777172864,0.5476020028492387
2020,-0.06,3.8000000000000003,99,1.3465210060001147,0.5860352454543958
2020,-0.06,3.9000000000000004,99,1.3473101474142561,0.609255437678535
2020,-0.06,4.0,99,1.3473101474142561,0.6370037003142531
2020,-0.06,4.1000000000000005,99,1.3452789171447437,0.6469117365815078
2020,-0.06,4.2,99,1.3452789171447437,0.6840941280487153
2020,-0.06,4.3,99,1.3453578312861578,0.6985796286643133
2020,-0.06,4.4,99,1.3453578312861578,0.6971768804526516
2020,-0.06,4.5,99,1.3453578312861578,0.7031527240202143
2020,-0.06,4.6000000000000005,99,1.3457631187284824,0.7144686932460462
2020,-0.06,4.7,99,1.3517946921790374,0.7324177539096547
2020,-0.06,4.800000000000001,99,1.3523246834497693,0.7500062562400588
2020,-0.06,4.9,99,1.3539306331766343,0.766407355744307
2020,-0.06,5.0,99,1.3643341813417875,0.7843796969712884
2020,-0.06,5.1000000000000005,99,1.3512658966826583,0.7766113769272647
2020,-0.06,5.2,99,1.3515092367061288,0.7990305500570886
2020,-0.06,5.300000000000001,99,1.3521873137730946,0.7892020470972352
2020,-0.06,5.4,99,1.3419711547292739,0.7599553849787594
2020,-0.06,5.5,99,1.3264472304021109,0.7290998531287706
2020,-0.06,5.6000000000000005,99,1.3066051060037802,0.6821596802798768
2020,-0.06,5.7,99,1.2960551690900046,0.6670204361897104
2020,-0.06,5.800000000000001,99,1.2699036697623283,0.6573911248699067
2020,-0.06,5.9,99,1.2740126266716367,0.6326553532693854
2020,-0.06,6.0,99,1.2764574571419451,0.6060298351232365
2020,-0.065,0.0,99,0.7965541675367208,0.11361831003369513
2020,-0.065,0.1,99,0.7989039907499347,0.1376956002225397
2020,-0.065,0.2,99,0.7941127183549926,0.12604038936707904
2020,-0.065,0.30000000000000004,99,0.8108253734012323,0.13355072634204343
2020,-0.065,0.4,99,0.8351684522000722,0.1510373139519011
2020,-0.065,0.5,99,0.8473497856441758,0.1692526696561395
2020,-0.065,0.6000000000000001,99,0.8622969451000058,0.18931705514853
2020,-0.065,0.7000000000000001,99,0.8832160491593317,0.1906474699736027
2020,-0.065,0.8,99,0.8916987438198055,0.20395462545731669
2020,-0.065,0.9,99,0.9045348612826057,0.20176491433008784
2020,-0.065,1.0,99,0.9063607385417567,0.20887934328591912
2020,-0.065,1.1,99,0.9142466486075551,0.21113706928039155
2020,-0.065,1.2000000000000002,99,0.9258551711429773,0.21973210814723537
2020,-0.065,1.3,99,0.9469153418045448,0.2153640020666344
2020,-0.065,1.4000000000000001,99,0.9654466397255409,0.20722801686030282
2020,-0.065,1.5,99,0.971553372918293,0.2212148734348089
2020,-0.065,1.6,99,1.0256883038862772,0.24178189978363465
2020,-0.065,1.7000000000000002,99,1.031241409965594,0.23825113942508136
2020,-0.065,1.8,99,1.0538836703213867,0.24885642790373153
2020,-0.065,1.9000000000000001,99,1.0767042818949293,0.24912764549564698
2020,-0.065,2.0,99,1.1330259855838192,0.2470263604165103
2020,-0.065,2.1,99,1.1506431331488631,0.26012274337884717
2020,-0.065,2.2,99,1.196883207958713,0.27701386955541485
2020,-0.065,2.3000000000000003,99,1.2155803370269507,0.2817316375828532
2020,-0.065,2.4000000000000004,99,1.2214094900833825,0.3083799922452293
2020,-0.065,2.5,99,1.257398364774954,0.31764017012075013
2020,-0.065,2.6,99,1.2813562931200284,0.3345759915278407
2020,-0.065,2.7,99,1.2916079188756655,0.33697270582850375
2020,-0.065,2.8000000000000003,99,1.3015249311985353,0.34533393097600135
2020,-0.065,2.9000000000000004,99,1.301856111857585,0.3658467231094356
2020,-0.065,3.0,99,1.3149230864695314,0.37959795493273146
2020,-0.065,3.1,99,1.3150871884659296,0.3936553598924302
2020,-0.065,3.2,99,1.317430925606267,0.4097458404352463
2020,-0.065,3.3000000000000003,99,1.317430925606267,0.41724749282039986
2020,-0.065,3.4000000000000004,99,1.317430925606267,0.43978549745573137
2020,-0.065,3.5,99,1.3254443321593754,0.449194691059455
2020,-0.065,3.6,99,1.3463631777172864,0.4614523757522551
2020,-0.065,3.7,99,1.3463631777172864,0.4969697023687806
2020,-0.065,3.8000000000000003,99,1.3463631777172864,0.5099802366546832
2020,-0.065,3.9000000000000004,99,1.3463631777172864,0.5303104783658046
2020,-0.065,4.0,99,1.3463631777172864,0.5746578266181689
2020,-0.065,4.1000000000000005,99,1.3465210060001147,0.5956218157572951
2020,-0.065,4.2,99,1.3569143865266922,0.6157363086854999
2020,-0.065,4.3,99,1.3569143865266922,0.6603133959527627
2020,-0.065,4.4,99,1.3569143865266922,0.6774305895448351
2020,-0.065,4.5,99,1.3452789171447437,0.6832977192423436
2020,-0.065,4.6000000000000005,99,1.3453578312861578,0.6923611399842017
2020,-0.065,4.7,99,1.3453578312861578,0.6975188598106027
2020,-0.065,4.800000000000001,99,1.3453578312861578,0.7167350043572303
2020,-0.065,4.9,99,1.3457631187284824,0.7227867136648435
2020,-0.065,5.0,99,1.3513660227688864,0.7495273651045757
2020,-0.065,5.1000000000000005,99,1.3517946921790374,0.745851317207912
2020,-0.065,5.2,99,1.3526446249461812,0.7687758753198984
2020,-0.065,5.300000000000001,99,1.3640042221077187,0.7803698042119086
2020,-0.065,5.4,99,1.3643341813417875,0.7860330116819931
2020,-0.065,5.5,99,1.3512658966826583,0.7997563977015881
2020,-0.065,5.6000000000000005,99,1.3515092367061288,0.7780087234962922
2020,-0.065,5.7,99,1.35178202633077,0.7794416542406727
2020,-0.065,5.800000000000001,99,1.3419711547292739,0.721654266372505
2020,-0.065,5.9,99,1.3253482779142693,0.7008887512450672
2020,-0.065,6.0,99,1.329949610894937,0.6924609225463538
2020,-0.07,0.0,99,0.7965541675367208,0.11361831003369513
2020,-0.07,0.1,99,0.7989039907499347,0.13613475284671436
2020,-0.07,0.2,99,0.7953437669998344,0.13598058396333476
2020,-0.07,0.30000000000000004,99,0.8085280229306421,0.13186290914439838
2020,-0.07,0.4,99,0.8351684522000722,0.1496308803570813
2020,-0.07,0.5,99,0.8408010765554635,0.16331303335023062
2020,-0.07,0.6000000000000001,99,0.8622969451000058,0.18215971801966999
2020,-0.07,0.7000000000000001,99,0.8762964501028224,0.19104801882867797
2020,-0.07,0.8,99,0.8841968683509384,0.20862600052572242
2020,-0.07,0.9,99,0.9006852271523316,0.20018110584754978
2020,-0.07,1.0,99,0.9046368916876665,0.20614267576939066
2020,-0.07,1.1,99,0.9076507168014318,0.20806885540189693
2020,-0.07,1.2000000000000002,99,0.9157575355225434,0.21582487690471538
2020,-0.07,1.3,99,0.93135518805864,0.2105521254411069
2020,-0.07,1.4000000000000001,99,0.9510580962488676,0.1988088842713295
2020,-0.07,1.5,99,0.9657916700736328,0.2094035048332411
2020,-0.07,1.6,99,0.9818166338280208,0.22599160231195708
2020,-0.07,1.7000000000000002,99,1.026480786621475,0.2404515573141815
2020,-0.07,1.8,99,1.031610959115631,0.23614721449709244
2020,-0.07,1.9000000000000001,99,1.0584764564512874,0.24962678863635293
2020,-0.07,2.0,99,1.0729426790095584,0.25307014024251984
2020,-0.07,2.1,99,1.1218150802200395,0.2487769012203148
2020,-0.07,2.2,99,1.1488635466529376,0.2640446010774521
2020,-0.07,2.3000000000000003,99,1.1838985239227455,0.2726766770502119
2020,-0.07,2.4000000000000004,99,1.2094570121270483,0.28049478722073656
2020,-0.07,2.5,99,1.2214021995672504,0.2892387190731437
2020,-0.07,2.6,99,1.252258235866503,0.3079258496212664
2020,-0.07,2.7,99,1.2818376911768288,0.3311694325982768
2020,-0.07,2.8000000000000003,99,1.2872256445442902,0.3332655860519673
2020,-0.07,2.9000000000000004,99,1.2969391151845964,0.34237443406364204
2020,-0.07,3.0,99,1.301856111857585,0.35963315525307576
2020,-0.07,3.1,99,1.301856111857585,0.36581578883344745
2020,-0.07,3.2,99,1.3149230864695314,0.37802488514310345
2020,-0.07,3.3000000000000003,99,1.3169086820907019,0.3888279413824611
2020,-0.07,3.4000000000000004,99,1.317430925606267,0.41764330812307593
2020,-0.07,3.5,99,1.317430925606267,0.41938487176759615
2020,-0.07,3.6,99,1.32420385723469,0.4343629184357606
2020,-0.07,3.7,99,1.3436592684070991,0.4505336653670483
2020,-0.07,3.8000000000000003,99,1.3445453219247312,0.4641525699197532
2020,-0.07,3.9000000000000004,99,1.3463631777172864,0.4756639737612301
2020,-0.07,4.0,99,1.3463631777172864,0.506411592020795
2020,-0.07,4.1000000000000005,99,1.3463631777172864,0.5388307148544788
2020,-0.07,4.2,99,1.3463631777172864,0.5554855583734245
2020,-0.07,4.3,99,1.3559674168297224,0.5828696993006408
2020,-0.07,4.4,99,1.3561252451125507,0.6223584380547887
2020,-0.07,4.5,99,1.3569143865266922,0.6391649335903458
2020,-0.07,4.6000000000000005,99,1.3569143865266922,0.6620248962344238
2020,-0.07,4.7,99,1.3569143865266922,0.6773808692377362
2020,-0.07,4.800000000000001,99,1.3452789171447437,0.6866502370105962
2020,-0.07,4.9,99,1.3453578312861578,0.7001909680953619
2020,-0.07,5.0,99,1.3453578312861578,0.7140045243860624
2020,-0.07,5.1000000000000005,99,1.3453578312861578,0.7148957575314929
2020,-0.07,5.2,99,1.3453578312861578,0.7305254255951489
2020,-0.07,5.300000000000001,99,1.3457631187284824,0.746178703444175
2020,-0.07,5.4,99,1.3513660227688864,0.7509445557606647
2020,-0.07,5.5,99,1.3517946921790374,0.7704921778728729
2020,-0.07,5.6000000000000005,99,1.3526446249461812,0.7767571505193752
2020,-0.07,5.7,99,1.3643341813417875,0.8021799782042159
2020,-0.07,5.800000000000001,99,1.3643341813417875,0.814141938103922
2020,-0.07,5.9,99,1.351298798995691,0.7755701874281271
2020,-0.07,6.0,99,1.3513455629313438,0.7676481266244761
2020,-0.075,0.0,99,0.7965541675367208,0.11361831003369513
2020,-0.075,0.1,99,0.7989039907499347,0.1361847578472144
2020,-0.075,0.2,99,0.7953437669998344,0.13432691310077405
2020,-0.075,0.30000000000000004,99,0.7961903142835625,0.13127560306257038
2020,-0.075,0.4,99,0.8351684522000722,0.15004308458679827
2020,-0.075,0.5,99,0.8351684522000722,0.16412066882387613
2020,-0.075,0.6000000000000001,99,0.8473497856441758,0.1859214468536203
2020,-0.075,0.7000000000000001,99,0.8631540005025158,0.19446530797193196
2020,-0.075,0.8,99,0.8840525682066382,0.20665656494076706
2020,-0.075,0.9,99,0.8941257285997315,0.20421976093489233
2020,-0.075,1.0,99,0.9045348612826057,0.20053659959720474
2020,-0.075,1.1,99,0.9063607385417567,0.19896070658500356
2020,-0.075,1.2000000000000002,99,0.9126015399036229,0.2144241281366543
2020,-0.075,1.3,99,0.9190856139951306,0.20898599483192515
2020,-0.075,1.4000000000000001,99,0.9364694572774778,0.21046388408965272
2020,-0.075,1.5,99,0.9518107205309035,0.20480213390511487
2020,-0.075,1.6,99,0.970081917961632,0.2112383573811546
2020,-0.075,1.7000000000000002,99,0.9864375635590827,0.2271916888366617
2020,-0.075,1.8,99,1.0211641782246177,0.2386055510609218
2020,-0.075,1.9000000000000001,99,1.0323073641598621,0.23890808726531063
2020,-0.075,2.0,99,1.0564962593387248,0.24985344940955512
2020,-0.075,2.1,99,1.0724071550891046,0.2523312976135111
2020,-0.075,2.2,99,1.1175346588909083,0.24456352209627558
2020,-0.075,2.3000000000000003,99,1.1403433772520009,0.2578806436559894
2020,-0.075,2.4000000000000004,99,1.1741912346577636,0.2659860808029419
2020,-0.075,2.5,99,1.208652416734755,0.27403858887232097
2020,-0.075,2.6,99,1.2160222677093213,0.27960222538364543
2020,-0.075,2.7,99,1.2422059978778315,0.30069370313524185
2020,-0.075,2.8000000000000003,99,1.281194314737274,0.3170707644435219
2020,-0.075,2.9000000000000004,99,1.28629952480013,0.3406591365294527
2020,-0.075,3.0,99,1.288315860644456,0.3366868086384244
2020,-0.075,3.1,99,1.3018416974930365,0.3563293020219213
2020,-0.075,3.2,99,1.301856111857585,0.3630442439892486
2020,-0.075,3.3000000000000003,99,1.3147013270149388,0.3715366117137567
2020,-0.075,3.4000000000000004,99,1.3154642242541679,0.37932904601447576
2020,-0.075,3.5,99,1.3169086820907019,0.3906883172750727
2020,-0.075,3.6,99,1.3169086820907019,0.40101608357483143
2020,-0.075,3.7,99,1.317430925606267,0.41616456606131375
2020,-0.075,3.8000000000000003,99,1.3424187934824137,0.42529215781576624
2020,-0.075,3.9000000000000004,99,1.3436592684070991,0.4411225850610361
2020,-0.075,4.0,99,1.3445453219247312,0.46298923037170475
2020,-0.075,4.1000000000000005,99,1.3452541647388372,0.4716415263665176
2020,-0.075,4.2,99,1.3463631777172864,0.4976179798483994
2020,-0.075,4.3,99,1.3463631777172864,0.531175505662252
2020,-0.075,4.4,99,1.3559674168297224,0.549550775997945
2020,-0.075,4.5,99,1.3559674168297224,0.5632062090020997
2020,-0.075,4.6000000000000005,99,1.3559674168297224,0.6049058284906171
2020,-0.075,4.7,99,1.3561252451125507,0.6298433421953195
2020,-0.075,4.800000000000001,99,1.3561252451125507,0.6353054217265363
2020,-0.075,4.9,99,1.3569143865266922,0.6698649523910373
2020,-0.075,5.0,99,1.3569143865266922,0.6904415482539901
2020,-0.075,5.1000000000000005,99,1.3452789171447437,0.7019519861916886
2020,-0.075,5.2,99,1.3452789171447437,0.7142981350943802
2020,-0.075,5.300000000000001,99,1.3453578312861578,0.723864969134902
2020,-0.075,5.4,99,1.3453578312861578,0.7281564710026626
2020,-0.075,5.5,99,1.3453578312861578,0.7241972824596781
2020,-0.075,5.6000000000000005,99,1.3457631187284824,0.7685720002648817
2020,-0.075,5.7,99,1.3513660227688864,0.7515444456455856
2020,-0.075,5.800000000000001,99,1.3513660227688864,0.7819428459376172
2020,-0.075,5.9,99,1.3521146336754495,0.7894220692222826
2020,-0.075,6.0,99,1.362718213877266,0.8074461074083308
2020,-0.08,0.0,99,0.7965541675367208,0.11361831003369513
2020,-0.08,0.1,99,0.7989039907499347,0.1361847578472144
2020,-0.08,0.2,99,0.7953437669998344,0.13472857329624868
2020,-0.08,0.30000000000000004,99,0.8070346887643006,0.14173247550382415
2020,-0.08,0.4,99,0.8351684522000722,0.14664815227267428
2020,-0.08,0.5,99,0.8351684522000722,0.1679466145240958
2020,-0.08,0.6000000000000001,99,0.8473497856441758,0.17992598591295184
2020,-0.08,0.7000000000000001,99,0.8622969451000058,0.18982637925350737
2020,-0.08,0.8,99,0.8767200483879134,0.1979547122544315
2020,-0.08,0.9,99,0.8841968683509384,0.2069338596542118
2020,-0.08,1.0,99,0.9006464194602188,0.19694530913954217
2020,-0.08,1.1,99,0.9046368916876665,0.19860165040579378
2020,-0.08,1.2000000000000002,99,0.9073242195052377,0.20035151052452885
2020,-0.08,1.3,99,0.913763685625479,0.20930308638740994
2020,-0.08,1.4000000000000001,99,0.9265681170819593,0.1939940723187352
2020,-0.08,1.5,99,0.9402928252482535,0.20430875902089757
2020,-0.08,1.6,99,0.9519866963166354,0.20576850781021985
2020,-0.08,1.7000000000000002,99,0.9768827871288907,0.21848487837056166
2020,-0.08,1.8,99,0.9864783757211071,0.2259025265526677
2020,-0.08,1.9000000000000001,99,1.0217045614810505,0.23589287557440933
2020,-0.08,2.0,99,1.0369438933865553,0.24327763719366333
2020,-0.08,2.1,99,1.0524729339472123,0.2505865724729662
2020,-0.08,2.2,99,1.0691283360744934,0.24651078093069742
2020,-0.08,2.3000000000000003,99,1.117484204294999,0.25055746566535236
2020,-0.08,2.4000000000000004,99,1.1337892970038908,0.25636897385624674
2020,-0.08,2.5,99,1.1549990950518974,0.25972954565362566
2020,-0.08,2.6,99,1.1993662830105603,0.2661915710864139
2020,-0.08,2.7,99,1.21099978927109,0.27266736507928646
2020,-0.08,2.8000000000000003,99,1.238872765011367,0.30216990017808565
2020,-0.08,2.9000000000000004,99,1.2751458138409115,0.31374261851371216
2020,-0.08,3.0,99,1.2856561483605753,0.32835813939945674
2020,-0.08,3.1,99,1.2866307054591795,0.34333683736569737
2020,-0.08,3.2,99,1.293330290658886,0.3510483189077816
2020,-0.08,3.3000000000000003,99,1.3018416974930365,0.3531523045570226
2020,-0.08,3.4000000000000004,99,1.3147013270149388,0.3636520426854259
2020,-0.08,3.5,99,1.3154464834978004,0.3714591279369225
2020,-0.08,3.6,99,1.3165405613960788,0.37270534031397706
2020,-0.08,3.7,99,1.3167445800943036,0.39093658777674134
2020,-0.08,3.8000000000000003,99,1.3169086820907019,0.39629968850152564
2020,-0.08,3.9000000000000004,99,1.3424187934824137,0.4202376868041666
2020,-0.08,4.0,99,1.3424187934824137,0.4228920425146901
2020,-0.08,4.1000000000000005,99,1.3436592684070991,0.44696949439062283
2020,-0.08,4.2,99,1.3445453219247312,0.4584728027444642
2020,-0.08,4.3,99,1.3452541647388372,0.46761392210041486
2020,-0.08,4.4,99,1.3452541647388372,0.4804287943800593
2020,-0.08,4.5,99,1.3463631777172864,0.5259948723978711
2020,-0.08,4.6000000000000005,99,1.3559674168297224,0.5424648982528698
2020,-0.08,4.7,99,1.3559674168297224,0.5749586298178392
2020,-0.08,4.800000000000001,99,1.3559674168297224,0.5911594843422326
2020,-0.08,4.9,99,1.3559674168297224,0.6149231375072489
2020,-0.08,5.0,99,1.3561252451125507,0.6313164208765241
2020,-0.08,5.1000000000000005,99,1.3561252451125507,0.6425839865318475
2020,-0.08,5.2,99,1.3569143865266922,0.6668357837826829
2020,-0.08,5.300000000000001,99,1.3569143865266922,0.7041746213861457
2020,-0.08,5.4,99,1.3569143865266922,0.7047540386308458
2020,-0.08,5.5,99,1.3452789171447437,0.7135411121707115
2020,-0.08,5.6000000000000005,99,1.3453578312861578,0.7189280340785404
2020,-0.08,5.7,99,1.3453578312861578,0.7387199420283654
2020,-0.08,5.800000000000001,99,1.3453578312861578,0.7350743408952201
2020,-0.08,5.9,99,1.3453578312861578,0.7681674296351021
2020,-0.08,6.0,99,1.3513660227688864,0.7544948368378132
2020,-0.085,0.0,99,0.7965541675367208,0.11361831003369513
2020,-0.085,0.1,99,0.7989039907499347,0.1361847578472144
2020,-0.085,0.2,99,0.7953437669998344,0.13472857329624868
2020,-0.085,0.30000000000000004,99,0.8070346887643006,0.14180215078511707
2020,-0.085,0.4,99,0.8351684522000722,0.1455762549044153
2020,-0.085,0.5,99,0.8351684522000722,0.16819732771839568
2020,-0.085,0.6000000000000001,99,0.838287610062774,0.17410222586482735
2020,-0.085,0.7000000000000001,99,0.8622969451000058,0.18779938480104139
2020,-0.085,0.8,99,0.866461210004075,0.19696316324372265
2020,-0.085,0.9,99,0.8840525682066382,0.20802456478892178
2020,-0.085,1.0,99,0.8948855439135612,0.20365965198817684
2020,-0.085,1.1,99,0.9036304448852315,0.19971699620994243
2020,-0.085,1.2000000000000002,99,0.9063607385417567,0.19994712782842888
2020,-0.085,1.3,99,0.9126015399036229,0.21185889034107502
2020,-0.085,1.4000000000000001,99,0.9185904664411595,0.19703343495441367
2020,-0.085,1.5,99,0.93306079245149,0.19302731020111577
2020,-0.085,1.6,99,0.9510580962488676,0.20211848668797386
2020,-0.085,1.7000000000000002,99,0.9588012254069601,0.20054461611992286
2020,-0.085,1.8,99,0.9750338019207723,0.2195109423499624
2020,-0.085,1.9000000000000001,99,0.9864783757211071,0.2257191125353396
2020,-0.085,2.0,99,1.022506051093732,0.238046182004337
2020,-0.085,2.1,99,1.0377225814616604,0.24286590270918582
2020,-0.085,2.2,99,1.0471787621641528,0.24834569048570823
2020,-0.085,2.3000000000000003,99,1.0676484229520293,0.2400037706104169
2020,-0.085,2.4000000000000004,99,1.0983273165477578,0.25659045148333
2020,-0.085,2.5,99,1.129982567506476,0.2545816961131519
2020,-0.085,2.6,99,1.1537338557784538,0.255226880235475
2020,-0.085,2.7,99,1.18634792952507,0.259455673557063
2020,-0.085,2.8000000000000003,99,1.2065024418447494,0.2688150959831746
2020,-0.085,2.9000000000000004,99,1.2257239276627032,0.27920929610799056
2020,-0.085,3.0,99,1.2658405223949796,0.30388451271412686
2020,-0.085,3.1,99,1.2846016419090747,0.3139238726370842
2020,-0.085,3.2,99,1.2866307054591795,0.33538444639648163
2020,-0.085,3.3000000000000003,99,1.2876103915576154,0.34410324144415566
2020,-0.085,3.4000000000000004,99,1.298232872967326,0.35277427341340206
2020,-0.085,3.5,99,1.3018416974930365,0.36119887848380416
2020,-0.085,3.6,99,1.3154464834978004,0.3642173542713222
2020,-0.085,3.7,99,1.3165228206397113,0.3699452042181328
2020,-0.085,3.8000000000000003,99,1.3165405613960788,0.3768037810926867
2020,-0.085,3.9000000000000004,99,1.3167445800943036,0.38511328742081674
2020,-0.085,4.0,99,1.3418965499668485,0.40355247602824296
2020,-0.085,4.1000000000000005,99,1.3424187934824137,0.4188066096417913
2020,-0.085,4.2,99,1.3424187934824137,0.4185572768133444
2020,-0.085,4.3,99,1.3436592684070991,0.44349098330946907
2020,-0.085,4.4,99,1.3436592684070991,0.4487819937494522
2020,-0.085,4.5,99,1.3445453219247312,0.46808883161849796
2020,-0.085,4.6000000000000005,99,1.3452541647388372,0.4860538593454568
2020,-0.085,4.7,99,1.3559674168297224,0.5169280701382046
2020,-0.085,4.800000000000001,99,1.3559674168297224,0.5555544753762722
2020,-0.085,4.9,99,1.3559674168297224,0.5658431192137272
2020,-0.085,5.0,99,1.3559674168297224,0.583234737859585
2020,-0.085,5.1000000000000005,99,1.3559674168297224,0.5955245956496807
2020,-0.085,5.2,99,1.3559674168297224,0.624981010648139
2020,-0.085,5.300000000000001,99,1.3559674168297224,0.6379949342763196
2020,-0.085,5.4,99,1.3561252451125507,0.654653434046295
2020,-0.085,5.5,99,1.3569143865266922,0.6771013781413072
2020,-0.085,5.6000000000000005,99,1.3569143865266922,0.7103102127033573
2020,-0.085,5.7,99,1.3569143865266922,0.7127258495374909
2020,-0.085,5.800000000000001,99,1.3452789171447437,0.7135029422627511
2020,-0.085,5.9,99,1.3453578312861578,0.7230817552580706
2020,-0.085,6.0,99,1.3453578312861578,0.7409517945013117
2020,-0.09,0.0,99,0.7965541675367208,0.11361831003369513
2020,-0.09,0.1,99,0.7988423992249286,0.1354456595471405
2020,-0.09,0.2,99,0.788943126935828,0.13395698098550246
2020,-0.09,0.30000000000000004,99,0.8053752371048488,0.1411932775188311
2020,-0.09,0.4,99,0.8324121033538732,0.14626615133834245
2020,-0.09,0.5,99,0.8351684522000722,0.16816758662717549
2020,-0.09,0.6000000000000001,99,0.835476409825103,0.17387888033971508
2020,-0.09,0.7000000000000001,99,0.8622969451000058,0.18380568518524648
2020,-0.09,0.8,99,0.8635666313499293,0.19106847367247196
2020,-0.09,0.9,99,0.8773901998421422,0.20306186024660242
2020,-0.09,1.0,99,0.8940472330814965,0.20517789062638112
2020,-0.09,1.1,99,0.9003532121328908,0.19785087498520404
2020,-0.09,1.2000000000000002,99,0.9046368916876665,0.1982033970745265
2020,-0.09,1.3,99,0.9073242195052377,0.20194267396348012
2020,-0.09,1.4000000000000001,99,0.913701525563319,0.20810154815279394
2020,-0.09,1.5,99,0.9240585106418344,0.18266905040227202
2020,-0.09,1.6,99,0.9364694572774778,0.19656178356610093
2020,-0.09,1.7000000000000002,99,0.9575161191003331,0.20156926569509337
2020,-0.09,1.8,99,0.9647918054465208,0.20714571440483065
2020,-0.09,1.9000000000000001,99,0.9759455259449383,0.22051567032560673
2020,-0.09,2.0,99,0.9878848875710952,0.22695029376623027
2020,-0.09,2.1,99,0.9975651121056258,0.23043835767410828
2020,-0.09,2.2,99,1.0377225814616604,0.24587893385692464
2020,-0.09,2.3000000000000003,99,1.045317130009361,0.24905609732096154
2020,-0.09,2.4000000000000004,99,1.0679344394027517,0.2440014576480176
2020,-0.09,2.5,99,1.0867411149099595,0.25247622408939585
2020,-0.09,2.6,99,1.1270632749901826,0.25242293887093414
2020,-0.09,2.7,99,1.1471797755303434,0.2516584263193374
2020,-0.09,2.8000000000000003,99,1.1846453309483667,0.25872231747737895
2020,-0.09,2.9000000000000004,99,1.2023950577431892,0.26311002501468617
2020,-0.09,3.0,99,1.2191361817489168,0.2689185391253199
2020,-0.09,3.1,99,1.2626317284143853,0.29945886776837777
2020,-0.09,3.2,99,1.2751385233247796,0.31148002189651297
2020,-0.09,3.3000000000000003,99,1.2854583086427431,0.33669670684208364
2020,-0.09,3.4000000000000004,99,1.287389740900296,0.3440587993234879
2020,-0.09,3.5,99,1.2932681980115999,0.3543418269396465
2020,-0.09,3.6,99,1.298232872967326,0.355944002621874
2020,-0.09,3.7,99,1.315432069133252,0.3638628897446384
2020,-0.09,3.8000000000000003,99,1.3165228206397113,0.3644208910969777
2020,-0.09,3.9000000000000004,99,1.3165228206397113,0.3632814869934886
2020,-0.09,4.0,99,1.3165405613960788,0.37388396152413034
2020,-0.09,4.1000000000000005,99,1.3167445800943036,0.38518568267917436
2020,-0.09,4.2,99,1.3418965499668485,0.40419850407382213
2020,-0.09,4.3,99,1.3418965499668485,0.4141987735819809
2020,-0.09,4.4,99,1.3424187934824137,0.42557643494301123
2020,-0.09,4.5,99,1.3427732148894667,0.43621585245362793
2020,-0.09,4.6000000000000005,99,1.3436592684070991,0.4445589594173344
2020,-0.09,4.7,99,1.3445453219247312,0.4635496283453407
2020,-0.09,4.800000000000001,99,1.3548584038512732,0.4855875768359542
2020,-0.09,4.9,99,1.3548584038512732,0.5038116021380148
2020,-0.09,5.0,99,1.3559674168297224,0.54739528474226
2020,-0.09,5.1000000000000005,99,1.3559674168297224,0.5527403015606411
2020,-0.09,5.2,99,1.3559674168297224,0.5775941616418958
2020,-0.09,5.300000000000001,99,1.3559674168297224,0.5936724971550734
2020,-0.09,5.4,99,1.3559674168297224,0.609472333919704
2020,-0.09,5.5,99,1.3559674168297224,0.644216145313327
2020,-0.09,5.6000000000000005,99,1.3559674168297224,0.6563342298757872
2020,-0.09,5.7,99,1.3561252451125507,0.6680277010050591
2020,-0.09,5.800000000000001,99,1.3569143865266922,0.682049564889129
2020,-0.09,5.9,99,1.3569143865266922,0.7032204768667858
2020,-0.09,6.0,99,1.3569143865266922,0.7009515708725601
2020,-0.095,0.0,99,0.7965541675367208,0.11361831003369513
2020,-0.095,0.1,99,0.7988423992249286,0.13385809270222068
2020,-0.095,0.2,99,0.788943126935828,0.1331208723781329
2020,-0.095,0.30000000000000004,99,0.8053752371048488,0.14201027098288338
2020,-0.095,0.4,99,0.8085280229306421,0.1412569425431782
2020,-0.095,0.5,99,0.8351684522000722,0.15820003759341317
2020,-0.095,0.6000000000000001,99,0.8351684522000722,0.17579006145078732
2020,-0.095,0.7000000000000001,99,0.8622969451000058,0.18137623710588124
2020,-0.095,0.8,99,0.863309400657916,0.18013940302565912
2020,-0.095,0.9,99,0.8671313614583037,0.20639064598377183
2020,-0.095,1.0,99,0.8850626692167392,0.2038202938578644
2020,-0.095,1.1,99,0.8973536640287401,0.19781308720046606
2020,-0.095,1.2000000000000002,99,0.9028572948830067,0.19337691660285486
2020,-0.095,1.3,99,0.9059732365022722,0.20132046185316835
2020,-0.095,1.4000000000000001,99,0.9126015399036229,0.20554973553275258
2020,-0.095,1.5,99,0.9185904664411595,0.18833731801477843
2020,-0.095,1.6,99,0.9250923202894962,0.18877644571533567
2020,-0.095,1.7000000000000002,99,0.9450121496397091,0.19948924450750521
2020,-0.095,1.8,99,0.9576920948860649,0.20376808072111502
2020,-0.095,1.9000000000000001,99,0.9653273523738203,0.20604739804628885
2020,-0.095,2.0,99,0.9759455259449383,0.22599521231604328
2020,-0.095,2.1,99,0.9878848875710952,0.22605529159166476
2020,-0.095,2.2,99,0.998261517149857,0.22950254808645332
2020,-0.095,2.3000000000000003,99,1.038813631333198,0.24478817365746217
2020,-0.095,2.4000000000000004,99,1.045317130009361,0.243503858613091
2020,-0.095,2.5,99,1.0677653848403916,0.24384161467061738
2020,-0.095,2.6,99,1.0818542699667042,0.2539075262955341
2020,-0.095,2.7,99,1.12149073766173,0.2535003821552333
2020,-0.095,2.8000000000000003,99,1.1386085725164823,0.24482301979960128
2020,-0.095,2.9000000000000004,99,1.1826991505995659,0.2597366994315839
2020,-0.095,3.0,99,1.1955405089092888,0.2591405679553212
2020,-0.095,3.1,99,1.2122958741247476,0.2706611871613008
2020,-0.095,3.2,99,1.2561203904811036,0.29509847608763246
2020,-0.095,3.3000000000000003,99,1.2661717030540292,0.3055616616327122
2020,-0.095,3.4000000000000004,99,1.2854583086427431,0.327090575098302
2020,-0.095,3.5,99,1.2857899631050376,0.3351141489671365
2020,-0.095,3.6,99,1.287389740900296,0.3564046180867324
2020,-0.095,3.7,99,1.2981707803200402,0.3532086817602301
2020,-0.095,3.8000000000000003,99,1.2989780294501876,0.35567605860363866
2020,-0.095,3.9000000000000004,99,1.3165084062751629,0.3633226370116205
2020,-0.095,4.0,99,1.3165228206397113,0.36378455588227615
2020,-0.095,4.1000000000000005,99,1.3165228206397113,0.37027958759592033
2020,-0.095,4.2,99,1.3165405613960788,0.38029643282326603
2020,-0.095,4.3,99,1.34173244797045,0.3906135416746183
2020,-0.095,4.4,99,1.3418965499668485,0.40645707111056867
2020,-0.095,4.5,99,1.3418965499668485,0.41640667513378443
2020,-0.095,4.6000000000000005,99,1.3424187934824137,0.4201769936371528
2020,-0.095,4.7,99,1.3427732148894667,0.4329907670164677
2020,-0.095,4.800000000000001,99,1.3436592684070991,0.4439802684695638
2020,-0.095,4.9,99,1.3541495610371672,0.4664715904854438
2020,-0.095,5.0,99,1.3541495610371672,0.4777623129211149
2020,-0.095,5.1000000000000005,99,1.3548584038512732,0.5094401792102258
2020,-0.095,5.2,99,1.3548584038512732,0.544543298996838
2020,-0.095,5.300000000000001,99,1.3559674168297224,0.5553365289496229
2020,-0.095,5.4,99,1.3559674168297224,0.5556876440917894
2020,-0.095,5.5,99,1.3559674168297224,0.5862565585742979
2020,-0.095,5.6000000000000005,99,1.3559674168297224,0.5951247359581664
2020,-0.095,5.7,99,1.3559674168297224,0.6331196271676424
2020,-0.095,5.800000000000001,99,1.3559674168297224,0.6486279271513687
2020,-0.095,5.9,99,1.3559674168297224,0.6636477890945653
2020,-0.095,6.0,99,1.3561252451125507,0.658888559576715
2020,-0.1,0.0,99,0.7965541675367208,0.11361831003369513
2020,-0.1,0.1,99,0.7988423992249286,0.13385809270222068
2020,-0.1,0.2,99,0.788943126935828,0.1331208723781329
2020,-0.1,0.30000000000000004,99,0.7849958605539243,0.13712398828841338
2020,-0.1,0.4,99,0.805389494792114,0.13670225948636397
2020,-0.1,0.5,99,0.8351684522000722,0.15605396569021585
2020,-0.1,0.6000000000000001,99,0.8351684522000722,0.17749981224440028
2020,-0.1,0.7000000000000001,99,0.853011953119317,0.17417922112934717
2020,-0.1,0.8,99,0.8622969451000058,0.1834167001832878
2020,-0.1,0.9,99,0.8642477502418355,0.204276100900039
2020,-0.1,1.0,99,0.8840525682066382,0.20549573555624842
2020,-0.1,1.1,99,0.894741243769261,0.1990147050305652
2020,-0.1,1.2000000000000002,99,0.9003532121328908,0.1907715963646556
2020,-0.1,1.3,99,0.9037324752902922,0.19910698527421777
2020,-0.1,1.4000000000000001,99,0.9073242195052377,0.19706154909094084
2020,-0.1,1.5,99,0.9126137244755179,0.1911768827193722
2020,-0.1,1.6,99,0.9198714378036583,0.17847561833240438
2020,-0.1,1.7000000000000002,99,0.9267979246823461,0.19116604309761903
2020,-0.1,1.8,99,0.9508936025440416,0.1990491489664879
2020,-0.1,1.9000000000000001,99,0.9576920948860649,0.20555874897342447
2020,-0.1,2.0,99,0.9699482821048823,0.21214340317652677
2020,-0.1,2.1,99,0.9759863381069627,0.22520035204107736
2020,-0.1,2.2,99,0.993061800054221,0.22758763166663107
2020,-0.1,2.3000000000000003,99,0.9979990585691016,0.22812649711349225
2020,-0.1,2.4000000000000004,99,1.033497022936341,0.24214857140469473
2020,-0.1,2.5,99,1.045317130009361,0.2470574173279765
2020,-0.1,2.6,99,1.0582518556385119,0.24440894048499953
2020,-0.1,2.7,99,1.0815025692448808,0.25356027096758604
2020,-0.1,2.8000000000000003,99,1.1210843036708094,0.25256490761832695
2020,-0.1,2.9000000000000004,99,1.1386085725164823,0.24104668217342717
2020,-0.1,3.0,99,1.1761450703514558,0.24884183921262787
2020,-0.1,3.1,99,1.190970685468886,0.2587192123818574
2020,-0.1,3.2,99,1.2086273341691254,0.2630301890286729
2020,-0.1,3.3000000000000003,99,1.2504585986882206,0.2720068337060715
2020,-0.1,3.4000000000000004,99,1.2660732810862458,0.29341282951310366
2020,-0.1,3.5,99,1.2799315376071303,0.3125587976338309
2020,-0.1,3.6,99,1.2854583086427431,0.33471712440535406
2020,-0.1,3.7,99,1.286548998546154,0.337560829809113
2020,-0.1,3.8000000000000003,99,1.2924041709147258,0.35995917895592033
2020,-0.1,3.9000000000000004,99,1.2989159368029015,0.3541276109254692
2020,-0.1,4.0,99,1.3128995817494522,0.36147054481176566
2020,-0.1,4.1000000000000005,99,1.3165084062751629,0.36633702623873493
2020,-0.1,4.2,99,1.3165228206397113,0.3629336766548974
2020,-0.1,4.3,99,1.3165228206397113,0.356919742088505
2020,-0.1,4.4,99,1.3347377568874348,0.38132603912794355
2020,-0.1,4.5,99,1.3415284292722252,0.39201138384490486
2020,-0.1,4.6000000000000005,99,1.34173244797045,0.40548227573608997
2020,-0.1,4.7,99,1.3418965499668485,0.41029515488669466
2020,-0.1,4.800000000000001,99,1.3418965499668485,0.4143581645392913
2020,-0.1,4.9,99,1.3424187934824137,0.4258827992201097
2020,-0.1,5.0,99,1.3532635075195347,0.4390658425826066
2020,-0.1,5.1000000000000005,99,1.3541495610371672,0.4628655857841586
2020,-0.1,5.2,99,1.3541495610371672,0.490844420455701
2020,-0.1,5.300000000000001,99,1.3548584038512732,0.51024324147267
2020,-0.1,5.4,99,1.3548584038512732,0.5253820646799315
2020,-0.1,5.5,99,1.3548584038512732,0.5523363629822148
2020,-0.1,5.6000000000000005,99,1.3559674168297224,0.5509392730702954
2020,-0.1,5.7,99,1.3559674168297224,0.5757672841978164
2020,-0.1,5.800000000000001,99,1.3559674168297224,0.6021541572763802
2020,-0.1,5.9,99,1.3559674168297224,0.6242122417933624
2020,-0.1,6.0,99,1.3559674168297224,0.6395462847042025
