0,-0.0,0.0,135,0.6358265944163032,0.06505809448540555
0,-0.0,0.1,134,0.6773731328700311,0.08555597246934153
0,-0.0,0.2,134,0.7715726956411031,0.16822368760728834
0,-0.0,0.30000000000000004,134,0.8473259485034684,0.23977557922629084
0,-0.0,0.4,134,0.9612699276949123,0.3140281769659192
0,-0.0,0.5,134,0.9995338988512454,0.3955262882585897
0,-0.0,0.6000000000000001,133,1.0259639363951958,0.4515696537948771
0,-0.0,0.7000000000000001,133,1.0721591498157748,0.4890838930567459
0,-0.0,0.8,133,1.1154515936623024,0.531696804009913
0,-0.0,0.9,133,1.1650785914090407,0.5692502585999138
0,-0.0,1.0,133,1.1920069936031203,0.6292587513970198
0,-0.0,1.1,133,1.2604550286842997,0.6958414744943869
0,-0.0,1.2000000000000002,132,1.2813320463869697,0.7554065013749919
0,-0.0,1.3,131,1.2631426408134183,0.7305505416509183
0,-0.0,1.4000000000000001,131,1.3046720922223796,0.7820750610788526
0,-0.0,1.5,131,1.3283062301029407,0.8081151631892414
0,-0.0,1.6,131,1.292775243226774,0.8055134035394933
0,-0.0,1.7000000000000002,130,1.2317633509372887,0.7599599685108681
0,-0.0,1.8,130,1.1997858117225733,0.7339668022256943
0,-0.0,1.9000000000000001,130,1.2279577132665183,0.7640873366265769
0,-0.0,2.0,130,1.1878011695882038,0.736465876952523
0,-0.0,2.1,130,1.209360710355609,0.7565799756480831
0,-0.0,2.2,129,1.2016985660621526,0.7585625244540667
0,-0.0,2.3000000000000003,129,1.1791868258295386,0.7090665111783921
0,-0.0,2.4000000000000004,129,1.2035913214539289,0.718506461860582
0,-0.0,2.5,129,1.2130675640231372,0.73316209951473
0,-0.0,2.6,129,1.2564405478990013,0.7541206642479499
0,-0.0,2.7,129,1.1669395964618265,0.6725093299386281
0,-0.0,2.8000000000000003,129,1.09402491334862,0.6254488421120551
0,-0.0,2.9000000000000004,129,1.0644496541776087,0.6078507187896829
0,-0.0,3.0,129,0.9814142269678474,0.5638342380869303
0,-0.0,3.1,129,1.000309957506853,0.6106468869088073
0,-0.0,3.2,129,1.0182863219823304,0.6276442641143996
0,-0.0,3.3000000000000003,129,1.4849351079353792,0.6385852911319483
0,-0.0,3.4000000000000004,129,1.4376524910346764,0.6163970681033044
0,-0.0,3.5,129,1.4705047760085486,0.6374002337533451
0,-0.0,3.6,129,1.4253138024729497,0.5896075603325543
0,-0.0,3.7,129,1.4465383631187696,0.6242695178577314
0,-0.0,3.8000000000000003,129,1.3815255584137884,0.577031554746107
0,-0.0,3.9000000000000004,129,1.45986182772561,0.603702194926235
0,-0.0,4.0,129,1.503458247394047,0.6343217733195323
0,-0.0,4.1000000000000005,129,1.3810700415790678,0.5031244852580552
0,-0.0,4.2,129,1.3720260745404536,0.5088835500689833
0,-0.0,4.3,129,1.3723473983947332,0.5173920202425911
0,-0.0,4.4,129,1.3723473983947332,0.5317543180380107
0,-0.0,4.5,129,1.3764025088109928,0.5517298453352226
0,-0.0,4.6000000000000005,128,1.350144857108916,0.5444835078122171
0,-0.0,4.7,128,1.2894177045628252,0.4908713900474502
0,-0.0,4.800000000000001,128,1.1999135012430244,0.4106636665174174
0,-0.0,4.9,128,1.2045050582605683,0.42700799728818023
0,-0.0,5.0,128,1.1870224071803268,0.41898897493242787
0,-0.0,5.1000000000000005,128,1.1095339884800446,0.3323596452382976
0,-0.0,5.2,127,0.9878131683193774,0.2129284284662533
0,-0.0,5.300000000000001,127,0.9924765335694528,0.22353842172775296
0,-0.0,5.4,125,0.41682322639232633,0.1580962192972006
0,-0.0,5.5,125,0.38286284209702576,0.11962853575930416
0,-0.0,5.6000000000000005,124,0.34530534654264744,0.08327352779186152
0,-0.0,5.7,121,0.18254302133481604,-0.042704387721624666
0,-0.0,5.800000000000001,116,-0.13167968400981647,-0.28978250470571887
0,-0.0,5.9,112,-0.3967004234420922,-0.5045182472186729
0,-0.0,6.0,105,-1.0,-1.0
0,-0.005,0.0,135,0.6358265944163032,0.06505809448540555
0,-0.005,0.1,135,0.681850379588953,0.08215085253604004
0,-0.005,0.2,135,0.7594693399232408,0.11995959770832822
0,-0.005,0.30000000000000004,135,0.8130298666078192,0.17460599879774977
0,-0.005,0.4,134,0.9547323989863221,0.25948674498768237
0,-0.005,0.5,134,0.9999562315403248,0.30113343293714484
0,-0.005,0.6000000000000001,134,1.0307917134267006,0.38980992031010414
0,-0.005,0.7000000000000001,134,1.0610361939369148,0.4457208760423138
0,-0.005,0.8,134,1.0767653794472247,0.4662953134759345
0,-0.005,0.9,134,1.2546547760296434,0.5055816059332372
0,-0.005,1.0,134,1.3968432700078084,0.5458287446239272
0,-0.005,1.1,133,1.1772528374047315,0.5361068512358169
0,-0.005,1.2000000000000002,133,1.196514444779645,0.5785898414986292
0,-0.005,1.3,133,1.175680928819458,0.6282570019843022
0,-0.005,1.4000000000000001,133,1.2062899750502472,0.6763631125986093
0,-0.005,1.5,133,1.5381372109391267,0.697598507259986
0,-0.005,1.6,132,1.566473555110212,0.728145685414217
0,-0.005,1.7000000000000002,131,1.2834618585688478,0.7816417351907272
0,-0.005,1.8,131,1.285200845599011,0.7837336035360524
0,-0.005,1.9000000000000001,131,1.325099420885428,0.8098900680700036
0,-0.005,2.0,130,1.3525435226595395,0.8500333100093712
0,-0.005,2.1,130,1.3286189504160173,0.8482778041904645
0,-0.005,2.2,130,1.353341961022327,0.8394246432546598
0,-0.005,2.3000000000000003,130,1.3966939402612397,0.8662965800469877
0,-0.005,2.4000000000000004,130,1.4266551698320447,0.8775848111661746
0,-0.005,2.5,130,1.4081470488838999,0.9201249868651533
0,-0.005,2.6,130,1.4011635676525547,0.8659453518557059
0,-0.005,2.7,129,1.392286319944586,0.9012302564210902
0,-0.005,2.8000000000000003,129,1.4167262348826155,0.9141631736143024
0,-0.005,2.9000000000000004,129,1.4186712161699275,0.9063645728422247
0,-0.005,3.0,129,1.390352153546526,0.8817688647986908
0,-0.005,3.1,129,1.4057202424163633,0.9075564948409364
0,-0.005,3.2,129,1.3803835551660348,0.8970572265071198
0,-0.005,3.3000000000000003,129,1.4036711551766423,0.9046056169202095
0,-0.005,3.4000000000000004,129,1.3757731773981001,0.8767833205296708
0,-0.005,3.5,129,1.385094716075595,0.8976766458925416
0,-0.005,3.6,129,1.370830484676304,0.8986625592174315
0,-0.005,3.7,129,1.3282193021198765,0.8895588229821098
0,-0.005,3.8000000000000003,129,1.2630819323282234,0.8458945692432114
0,-0.005,3.9000000000000004,129,1.2288780690768748,0.8304452076727897
0,-0.005,4.0,129,1.179607603748897,0.7908898370561585
0,-0.005,4.1000000000000005,129,1.1503570354832842,0.7747620467927943
0,-0.005,4.2,129,1.0660146040269578,0.6881787014508314
0,-0.005,4.3,129,1.061464511309486,0.6990420968754663
0,-0.005,4.4,129,1.1373130508715006,0.735371348514293
0,-0.005,4.5,129,1.1181409115462053,0.7336424554808626
0,-0.005,4.6000000000000005,129,1.1919415203830086,0.7495163266774981
0,-0.005,4.7,129,1.166930056841326,0.7434568052736326
0,-0.005,4.800000000000001,129,1.1049380631574715,0.6762885170042737
0,-0.005,4.9,128,1.0877644393631372,0.6347862809328214
0,-0.005,5.0,128,1.0605775829249457,0.6314243380612287
0,-0.005,5.1000000000000005,128,1.0389033763657913,0.6247651314130687
0,-0.005,5.2,128,1.547076090377831,0.6697779162100737
0,-0.005,5.300000000000001,128,1.510092962660217,0.6507162001884474
0,-0.005,5.4,128,1.4324064496823743,0.5694485051308349
0,-0.005,5.5,128,1.318336658487602,0.4784599808814636
0,-0.005,5.6000000000000005,128,1.2908856277882808,0.45907288713690764
0,-0.005,5.7,127,1.2660832572150098,0.43637935326611627
0,-0.005,5.800000000000001,127,1.2969252637714073,0.45328813529540085
0,-0.005,5.9,126,1.2099085358421002,0.3931298738806133
0,-0.005,6.0,126,1.1465282724909343,0.3193310564250623
0,-0.01,0.0,135,0.6358265944163032,0.06505809448540555
0,-0.01,0.1,135,0.6821194584193383,0.09474823304929068
0,-0.01,0.2,135,0.7276507958234557,0.11429782116896776
0,-0.01,0.30000000000000004,135,0.7867198265694114,0.13562800747823836
0,-0.01,0.4,135,0.8350248432358823,0.16856394273666472
0,-0.01,0.5,135,0.9484233047415292,0.22133732162848913
0,-0.01,0.6000000000000001,135,0.9672594758377565,0.2807998066897525
0,-0.01,0.7000000000000001,134,1.0443065561278213,0.329220268316478
0,-0.01,0.8,134,1.0863592883359618,0.3872629851914266
0,-0.01,0.9,134,1.1043943053841434,0.4424357276416723
0,-0.01,1.0,134,1.152350029088695,0.4988014823432346
0,-0.01,1.1,134,1.2198603586257002,0.5514885768923141
0,-0.01,1.2000000000000002,134,1.222791298102379,0.5937443126183457
0,-0.01,1.3,134,1.193273187630523,0.582156421109276
0,-0.01,1.4000000000000001,134,1.2074362062121697,0.591839406081922
0,-0.01,1.5,134,1.212740941227883,0.614856868259949
0,-0.01,1.6,134,1.3820376874877758,0.6571180977534402
0,-0.01,1.7000000000000002,134,1.439291716516099,0.6771285946014284
0,-0.01,1.8,134,1.4911734458080481,0.7007089984732182
0,-0.01,1.9000000000000001,133,1.2881265766146524,0.7323043301733544
0,-0.01,2.0,133,1.5136472669084242,0.7592932717190669
0,-0.01,2.1,133,1.766550547898796,0.7789677300234067
0,-0.01,2.2,133,1.8701733588783584,0.8388961752360566
0,-0.01,2.3000000000000003,132,1.9771424116644054,0.8449773053696634
0,-0.01,2.4000000000000004,131,1.6552739639074716,0.8543859144887885
0,-0.01,2.5,130,1.3403528406878626,0.8349622793961593
0,-0.01,2.6,130,1.328733048236325,0.8294465992011657
0,-0.01,2.7,130,1.3581148965408907,0.810508036842504
0,-0.01,2.8000000000000003,130,1.3743464119422373,0.857938845350181
0,-0.01,2.9000000000000004,130,1.4063541410862481,0.8482467313384937
0,-0.01,3.0,130,1.40726310291931,0.8371863708144835
0,-0.01,3.1,130,1.4199285873798946,0.890391378676658
0,-0.01,3.2,130,1.5194528208670985,0.905904892711702
0,-0.01,3.3000000000000003,129,1.48609828371817,0.9132226190359704
0,-0.01,3.4000000000000004,129,1.4959990666456437,0.9386095393148649
0,-0.01,3.5,129,1.4964920265487633,0.9574016548145236
0,-0.01,3.6,129,1.5222838390744804,0.9768759222902217
0,-0.01,3.7,129,1.5005833645904034,0.9731683378685207
0,-0.01,3.8000000000000003,129,1.5263322065027307,0.9789475322778876
0,-0.01,3.9000000000000004,129,1.5074980541790233,0.9857639319720425
0,-0.01,4.0,129,1.441661910300637,0.9400353227424335
0,-0.01,4.1000000000000005,129,1.4260933696911915,0.9178407150205916
0,-0.01,4.2,129,1.4109975067211633,0.8863230963180568
0,-0.01,4.3,129,1.4317416588235494,0.9162927275488836
0,-0.01,4.4,129,1.442205613586977,0.9260743928938222
0,-0.01,4.5,129,1.4602320199207164,0.9316216537953247
0,-0.01,4.6000000000000005,129,1.4545166011759811,0.9164424223156498
0,-0.01,4.7,129,1.469011710858775,0.9307402499764136
0,-0.01,4.800000000000001,129,1.466749781780957,0.9084142987427829
0,-0.01,4.9,129,1.4576266520959094,0.9222810454463184
0,-0.01,5.0,129,1.3864037941151126,0.877313201283616
0,-0.01,5.1000000000000005,129,1.3908932679590542,0.8954641411243689
0,-0.01,5.2,128,1.3401456568312395,0.8691746201347293
0,-0.01,5.300000000000001,128,1.2963017439733115,0.8024563103894959
0,-0.01,5.4,128,1.2495883078214813,0.7713841498364195
0,-0.01,5.5,128,1.2634888315597288,0.7677088792380525
0,-0.01,5.6000000000000005,128,1.2633958811267008,0.7824860590435542
0,-0.01,5.7,128,1.2390051910763933,0.7618709649543717
0,-0.01,5.800000000000001,128,1.2722208586267407,0.7978860488368662
0,-0.01,5.9,128,1.2483076552243193,0.801419561525567
0,-0.01,6.0,127,1.2570774533042015,0.7877109581876215
0,-0.015,0.0,135,0.6358265944163032,0.06505809448540555
0,-0.015,0.1,135,0.6656351034857902,0.09260307075684643
0,-0.015,0.2,135,0.723236262303879,0.11714879814126793
0,-0.015,0.30000000000000004,135,0.7755817265536928,0.12519180677813435
0,-0.015,0.4,135,0.8057230016303066,0.1458277794684145
0,-0.015,0.5,135,0.8689939034629844,0.19344251317862773
0,-0.015,0.6000000000000001,135,0.9098184806852387,0.21863378660391308
0,-0.015,0.7000000000000001,135,0.9750465443206932,0.25237060082872337
0,-0.015,0.8,135,1.0507838557139106,0.29646734803395847
0,-0.015,0.9,135,1.0643302743171796,0.33143529494233964
0,-0.015,1.0,134,1.1430987261809207,0.37973985670559735
0,-0.015,1.1,134,1.1699183630420953,0.441900343590701
0,-0.015,1.2000000000000002,134,1.215082541260794,0.48559362155124414
0,-0.015,1.3,134,1.2390061365642533,0.5376980538297267
0,-0.015,1.4000000000000001,134,1.2595539988936935,0.5927763779033652
0,-0.015,1.5,134,1.2663957010625917,0.6196414680318961
0,-0.015,1.6,134,1.2549063269986553,0.6588830389882965
0,-0.015,1.7000000000000002,134,1.2225474382215247,0.6359721035113584
0,-0.015,1.8,134,1.21580546074166,0.6498196640047944
0,-0.015,1.9000000000000001,134,1.2229082461619063,0.6906162694975891
0,-0.015,2.0,134,1.252715003844939,0.6978187240969359
0,-0.015,2.1,134,1.2657788422767944,0.6920029750255487
0,-0.015,2.2,134,1.2868290421289086,0.7202352408605524
0,-0.015,2.3000000000000003,134,1.4531364038340238,0.751196521997963
0,-0.015,2.4000000000000004,134,1.458937357284316,0.7967520830226846
0,-0.015,2.5,134,1.5547182186110589,0.807168078629434
0,-0.015,2.6,134,1.565694510934628,0.7965878328134324
0,-0.015,2.7,133,1.596133876671689,0.7709740757908943
0,-0.015,2.8000000000000003,132,1.8190124344678962,0.7624979902034592
0,-0.015,2.9000000000000004,132,1.8957011285554783,0.763955235021681
0,-0.015,3.0,132,2.026295709769736,0.8080803247271849
0,-0.015,3.1,132,2.0344532553819095,0.8072523575121512
0,-0.015,3.2,131,1.7103353333642808,0.7776598859134146
0,-0.015,3.3000000000000003,130,1.3802600972272758,0.7932416513345036
0,-0.015,3.4000000000000004,130,1.3965886778556675,0.839633234712708
0,-0.015,3.5,130,1.420345223611671,0.864771025397141
0,-0.015,3.6,130,1.4398822336812163,0.918926003344817
0,-0.015,3.7,130,1.5118191122113167,0.9465903229754292
0,-0.015,3.8000000000000003,130,1.4997422604739166,0.9142434192128449
0,-0.015,3.9000000000000004,130,1.4982681739036692,0.91859522250682
0,-0.015,4.0,130,1.537410071203093,0.9614713184447453
0,-0.015,4.1000000000000005,130,1.5240386187747044,0.9623174466126871
0,-0.015,4.2,130,1.5598760532596776,0.9886930617636634
0,-0.015,4.3,129,1.5279908754026974,0.9844241586980756
0,-0.015,4.4,129,1.5648952644664211,1.004809599318602
0,-0.015,4.5,129,1.5287678686451767,0.9859548033391032
0,-0.015,4.6000000000000005,129,1.5831790542710518,1.0111352297270804
0,-0.015,4.7,129,1.5159006321899133,0.9615469667408715
0,-0.015,4.800000000000001,129,1.5221527886152417,0.9695418972817109
0,-0.015,4.9,129,1.4951439327355738,0.9481722147196011
0,-0.015,5.0,129,1.503970480376126,0.9129471063643954
0,-0.015,5.1000000000000005,129,1.5118875668302683,0.9017331842239511
0,-0.015,5.2,129,1.5268935373798145,0.9049951894800807
0,-0.015,5.300000000000001,129,1.5362886265426015,0.924143344426006
0,-0.015,5.4,128,1.4729578441383666,0.8887903702779997
0,-0.015,5.5,128,1.4708827801760151,0.891917128533109
0,-0.015,5.6000000000000005,128,1.4816297290832947,0.9020921219188724
0,-0.015,5.7,128,1.4646746276346103,0.9116896327974058
0,-0.015,5.800000000000001,128,1.4669081851979886,0.9136039385860513
0,-0.015,5.9,128,1.515477243845425,0.9002388343205013
0,-0.015,6.0,128,1.5061140586672481,0.9257769522844159
0,-0.02,0.0,135,0.6358265944163032,0.06505809448540555
0,-0.02,0.1,135,0.6683897243438593,0.09866393419586218
0,-0.02,0.2,135,0.7115610234033259,0.10845615261616541
0,-0.02,0.30000000000000004,135,0.759247929055184,0.12090695001127277
0,-0.02,0.4,135,0.7899002909940179,0.13506488780427792
0,-0.02,0.5,135,0.8371502305294249,0.17190193069391796
0,-0.02,0.6000000000000001,135,0.8797187908404045,0.20045336180719847
0,-0.02,0.7000000000000001,135,0.8922447979089925,0.20787914368148566
0,-0.02,0.8,135,0.991119090758983,0.25048935792684246
0,-0.02,0.9,135,1.0451995447721352,0.28668045575915063
0,-0.02,1.0,135,1.094052420082893,0.3064609618005446
0,-0.02,1.1,135,1.1170269310988143,0.3458531204913378
0,-0.02,1.2000000000000002,135,1.1676015534328854,0.37290903147949606
0,-0.02,1.3,134,1.2082449236622044,0.43396496867441825
0,-0.02,1.4000000000000001,134,1.2316073695368785,0.46989509623141806
0,-0.02,1.5,134,1.2530030422752725,0.5326557165090614
0,-0.02,1.6,134,1.2693025342407673,0.5794129279514086
0,-0.02,1.7000000000000002,134,1.2714950634906543,0.6190965529231265
0,-0.02,1.8,134,1.2808018095799456,0.6432570830285796
0,-0.02,1.9000000000000001,134,1.2739930889737934,0.6739948352189546
0,-0.02,2.0,134,1.284536805378908,0.6869239972520844
0,-0.02,2.1,134,1.2801222813757454,0.6976331190507191
0,-0.02,2.2,134,1.259740482146595,0.7211650717576011
0,-0.02,2.3000000000000003,134,1.2612708462085411,0.7229705758472097
0,-0.02,2.4000000000000004,134,1.2676692583562863,0.7177296960276074
0,-0.02,2.5,134,1.2780988999119605,0.7372682032992243
0,-0.02,2.6,134,1.2878152017158038,0.7613189160065194
0,-0.02,2.7,134,1.2969111534481736,0.7876386422389116
0,-0.02,2.8000000000000003,134,1.3037476994489925,0.7864078891707964
0,-0.02,2.9000000000000004,134,1.341502896355427,0.766888980526726
0,-0.02,3.0,133,1.3444177571691345,0.7682072616036228
0,-0.02,3.1,133,1.486425400526096,0.7282483357545713
0,-0.02,3.2,133,1.5414367332484704,0.7582951883809878
0,-0.02,3.3000000000000003,133,1.5700361511997125,0.7586700328238343
0,-0.02,3.4000000000000004,133,1.5951539197576385,0.7567653445601668
0,-0.02,3.5,133,1.8636526458322955,0.7325543445929498
0,-0.02,3.6,132,1.907629366394026,0.7471955630675908
0,-0.02,3.7,132,1.9864753381765816,0.7427023936484083
0,-0.02,3.8000000000000003,132,2.047198569318245,0.75068046081747
0,-0.02,3.9000000000000004,132,2.0983801055141287,0.7939016304813169
0,-0.02,4.0,132,2.109556734613058,0.8196808200414207
0,-0.02,4.1000000000000005,131,1.7948110384487819,0.8295909249609158
0,-0.02,4.2,130,1.419200906530996,0.8427469200072745
0,-0.02,4.3,130,1.4710184679268632,0.8662342988364998
0,-0.02,4.4,130,1.481937333444559,0.8983281687562936
0,-0.02,4.5,130,1.5076573215755344,0.9080536417441782
0,-0.02,4.6000000000000005,130,1.5163373290108162,0.9495766433813421
0,-0.02,4.7,130,1.5329942171405688,0.970193665383951
0,-0.02,4.800000000000001,130,1.5514237161386941,0.9971479084282523
0,-0.02,4.9,130,1.5837632856411061,1.0112965737932322
0,-0.02,5.0,130,1.5578692252516004,1.031144200942018
0,-0.02,5.1000000000000005,130,1.5727759177855605,0.9989746051088684
0,-0.02,5.2,130,1.5759654002453625,1.0008972782336412
0,-0.02,5.300000000000001,129,1.5630307574786988,0.975668679957279
0,-0.02,5.4,129,1.5594597575365614,0.9474250164132931
0,-0.02,5.5,129,1.5483984390728596,0.9089587207748353
0,-0.02,5.6000000000000005,129,1.5331408929577177,0.8874737391434574
0,-0.02,5.7,128,1.4824752741384968,0.8734924710516964
0,-0.02,5.800000000000001,128,1.5352858271008887,0.9000611990584717
0,-0.02,5.9,128,1.5265105998012312,0.8658084133473394
0,-0.02,6.0,128,1.5559726832206915,0.9152482438500446
0,-0.025,0.0,135,0.6358265944163032,0.06505809448540555
0,-0.025,0.1,135,0.6659567429982788,0.0986982679692155
0,-0.025,0.2,135,0.7087307165712494,0.10601392235438412
0,-0.025,0.30000000000000004,135,0.7526346886679424,0.12878594145317093
0,-0.025,0.4,135,0.786550612671515,0.1315616381319605
0,-0.025,0.5,135,0.8175079285155955,0.16570506340882066
0,-0.025,0.6000000000000001,135,0.8598656794943125,0.18422066212973942
0,-0.025,0.7000000000000001,135,0.8821743102436173,0.20629727977152373
0,-0.025,0.8,135,0.9048626510947748,0.2125410546328401
0,-0.025,0.9,135,0.9635667579842745,0.23469216612393137
0,-0.025,1.0,135,1.0427800654808732,0.26020692520626393
0,-0.025,1.1,135,1.0940157673836108,0.2874249336348601
0,-0.025,1.2000000000000002,135,1.129592821919156,0.30031306864886886
0,-0.025,1.3,135,1.162244304319018,0.3516902042439149
0,-0.025,1.4000000000000001,135,1.1895807510540484,0.37495112830460864
0,-0.025,1.5,135,1.2114850080131436,0.4196379789677038
0,-0.025,1.6,134,1.2485677600445453,0.45580021137255455
0,-0.025,1.7000000000000002,134,1.2640014962406305,0.523955006375219
0,-0.025,1.8,134,1.2675262813964163,0.5580225167032206
0,-0.025,1.9000000000000001,134,1.2748994067009316,0.6154738276854879
0,-0.025,2.0,134,1.2782113154772812,0.637302864097402
0,-0.025,2.1,134,1.3008705437753243,0.6644699056289914
0,-0.025,2.2,134,1.3060132272773166,0.6860858619673887
0,-0.025,2.3000000000000003,134,1.3171786221617323,0.7103143205678977
0,-0.025,2.4000000000000004,134,1.3013499361069552,0.7186551363279753
0,-0.025,2.5,134,1.2949751112524142,0.7619296390498248
0,-0.025,2.6,134,1.2797339818564788,0.7224622319620735
0,-0.025,2.7,134,1.2762979090030597,0.7438145783062258
0,-0.025,2.8000000000000003,134,1.2857888333189087,0.7491178974007906
0,-0.025,2.9000000000000004,134,1.3002128981867955,0.7787674866456983
0,-0.025,3.0,134,1.3114664573190977,0.7954677667183043
0,-0.025,3.1,134,1.3066145800924653,0.7676049665502244
0,-0.025,3.2,134,1.3036489464763816,0.7530187721189284
0,-0.025,3.3000000000000003,133,1.3361658920927653,0.7434410914914757
0,-0.025,3.4000000000000004,133,1.3244702238482917,0.7377099511611167
0,-0.025,3.5,133,1.331836454626587,0.7398230975693627
0,-0.025,3.6,133,1.339397134022903,0.7553150335194009
0,-0.025,3.7,133,1.344909052608908,0.757916627703161
0,-0.025,3.8000000000000003,133,1.5418483060314008,0.7481377453952474
0,-0.025,3.9000000000000004,133,1.53762403215344,0.7164480225009034
0,-0.025,4.0,133,1.5798969743906122,0.7454764756717125
0,-0.025,4.1000000000000005,133,1.6098374048059974,0.7323266303403779
0,-0.025,4.2,133,1.8547219524193121,0.7553783433854773
0,-0.025,4.3,133,2.122771992141743,0.7268770296573953
0,-0.025,4.4,133,2.1778544545490623,0.7160440306185581
0,-0.025,4.5,132,2.0338782251291114,0.7417276299097221
0,-0.025,4.6000000000000005,132,2.076760134444947,0.7675367006402013
0,-0.025,4.7,132,2.1091167437473453,0.7929191898737007
0,-0.025,4.800000000000001,132,2.152344381565591,0.8056424124283532
0,-0.025,4.9,131,1.8101721967382738,0.8335200361529516
0,-0.025,5.0,130,1.431273383685433,0.8458583358124678
0,-0.025,5.1000000000000005,130,1.494739239825198,0.8613791172954895
0,-0.025,5.2,130,1.5001872902557458,0.8901450910533742
0,-0.025,5.300000000000001,130,1.5068855402529078,0.9000036169564566
0,-0.025,5.4,130,1.515752626914502,0.9218338230611468
0,-0.025,5.5,130,1.5203853604180733,0.9616226480601133
0,-0.025,5.6000000000000005,130,1.5310259276255525,0.9437313441799983
0,-0.025,5.7,130,1.5484489996548962,0.9207371387467993
0,-0.025,5.800000000000001,130,1.5753087229776899,0.9504271444252055
0,-0.025,5.9,130,1.5868674400209102,0.9650491283911956
0,-0.025,6.0,129,1.5722555988470428,0.9683858730561168
0,-0.03,0.0,135,0.6358265944163032,0.06505809448540555
0,-0.03,0.1,135,0.6650729046144406,0.09135970248051108
0,-0.03,0.2,135,0.6894242154513581,0.10342730132711603
0,-0.03,0.30000000000000004,135,0.7286725136542759,0.12405692450641766
0,-0.03,0.4,135,0.7715842901603825,0.12469881887261178
0,-0.03,0.5,135,0.7966024815781064,0.14425813689927897
0,-0.03,0.6000000000000001,135,0.8344189030352428,0.17301142087094942
0,-0.03,0.7000000000000001,135,0.8602265833846281,0.19382544489865958
0,-0.03,0.8,135,0.8877665638323953,0.2062793911234933
0,-0.03,0.9,135,0.909399356101596,0.21398470947648102
0,-0.03,1.0,135,0.9507327609023379,0.22586707986365936
0,-0.03,1.1,135,1.0233372163162096,0.25096991302525157
0,-0.03,1.2000000000000002,135,1.0915887472135617,0.2626223058156177
0,-0.03,1.3,135,1.1273741416776424,0.2896511532458232
0,-0.03,1.4000000000000001,135,1.1709836659246218,0.3129093582696199
0,-0.03,1.5,135,1.1888768187215129,0.3615756920873569
0,-0.03,1.6,135,1.1986564136640443,0.3891216790593745
0,-0.03,1.7000000000000002,135,1.2258097404499009,0.4163386625898302
0,-0.03,1.8,135,1.2501723002032077,0.4441287173386684
0,-0.03,1.9000000000000001,134,1.2634792314148482,0.5162733554535096
0,-0.03,2.0,134,1.2652478650269734,0.5554610438963684
0,-0.03,2.1,134,1.2889606096682835,0.5758163455070703
0,-0.03,2.2,134,1.2928916615155297,0.6292258175373419
0,-0.03,2.3000000000000003,134,1.3031780549265481,0.6469635263793537
0,-0.03,2.4000000000000004,134,1.3042756897707168,0.6773709915324015
0,-0.03,2.5,134,1.3148771173905065,0.7012461977947476
0,-0.03,2.6,134,1.3177291482199656,0.7253503946469597
0,-0.03,2.7,134,1.3184870773244433,0.7592935025474046
0,-0.03,2.8000000000000003,134,1.3117852822902127,0.7691893264549667
0,-0.03,2.9000000000000004,134,1.3124368746083641,0.7638699179717147
0,-0.03,3.0,134,1.3085929698151806,0.7607812853274529
0,-0.03,3.1,134,1.3063077138854988,0.7677684457899272
0,-0.03,3.2,134,1.3121160131424667,0.7668002311380433
0,-0.03,3.3000000000000003,134,1.3079595332449498,0.7574701804353116
0,-0.03,3.4000000000000004,134,1.3241865373250132,0.746093942585314
0,-0.03,3.5,134,1.3265640591088832,0.7468903253459711
0,-0.03,3.6,134,1.3508846603269025,0.7668636052220151
0,-0.03,3.7,133,1.3193433471745968,0.7308336904320357
0,-0.03,3.8000000000000003,133,1.3200130523288354,0.7423390321230054
0,-0.03,3.9000000000000004,133,1.3264612945140188,0.7528354833110684
0,-0.03,4.0,133,1.33382855558571,0.7520985252322332
0,-0.03,4.1000000000000005,133,1.3401954837324668,0.7413116437697421
0,-0.03,4.2,133,1.3645603110195264,0.7458091358783957
0,-0.03,4.3,133,1.3673311775685837,0.7640515746837492
0,-0.03,4.4,133,1.3806363816586293,0.7378247718487353
0,-0.03,4.5,133,1.5486514764199142,0.7463594182493183
0,-0.03,4.6000000000000005,133,1.5437416491247666,0.7296302702895716
0,-0.03,4.7,133,1.5953117907316172,0.7157333993822663
0,-0.03,4.800000000000001,133,1.5970696170458205,0.6796037490979377
0,-0.03,4.9,133,1.8417931321401313,0.6876515134857485
0,-0.03,5.0,133,2.1039058629536505,0.7087042287356439
0,-0.03,5.1000000000000005,133,2.192863245265582,0.71962644080583
0,-0.03,5.2,133,2.284432332857856,0.7537046287093567
0,-0.03,5.300000000000001,133,2.318008058543663,0.7434385567364281
0,-0.03,5.4,132,2.0798551535568874,0.7938803033032338
0,-0.03,5.5,132,2.1263679227546772,0.8200850300231401
0,-0.03,5.6000000000000005,132,2.1595885502606578,0.821919730369543
0,-0.03,5.7,131,1.8189317919645211,0.8343398260519038
0,-0.03,5.800000000000001,130,1.4507547830281933,0.8635122805836611
0,-0.03,5.9,130,1.4998706729634879,0.8380459157542385
0,-0.03,6.0,130,1.496511003994324,0.8274392372454517
0,-0.035,0.0,135,0.6358265944163032,0.06505809448540555
0,-0.035,0.1,135,0.6647519169601195,0.0893467779913961
0,-0.035,0.2,135,0.6771297959132309,0.10222661084814297
0,-0.035,0.30000000000000004,135,0.7197544904172618,0.12050373625182521
0,-0.035,0.4,135,0.7723326699219867,0.1318730630165982
0,-0.035,0.5,135,0.7831522767250317,0.1392805778604276
0,-0.035,0.6000000000000001,135,0.8350012080136999,0.16951931298060569
0,-0.035,0.7000000000000001,135,0.8379824665988064,0.1876912791752794
0,-0.035,0.8,135,0.8605261260380899,0.19359646441143577
0,-0.035,0.9,135,0.9020708221986171,0.20725082072018716
0,-0.035,1.0,135,0.9147417604346767,0.21579441517099304
0,-0.035,1.1,135,0.9665656973475923,0.22477627151182047
0,-0.035,1.2000000000000002,135,1.0070114242639217,0.22762133962643621
0,-0.035,1.3,135,1.0889175294665285,0.24720172165413895
0,-0.035,1.4000000000000001,135,1.1123699862853984,0.268143966512027
0,-0.035,1.5,135,1.15049354647659,0.29506385510871314
0,-0.035,1.6,135,1.185528344461089,0.33093185760749705
0,-0.035,1.7000000000000002,135,1.2045717989861295,0.35567506457603865
0,-0.035,1.8,135,1.2126669313621392,0.38647286952464305
0,-0.035,1.9000000000000001,135,1.244828062078372,0.4197549047584257
0,-0.035,2.0,135,1.250938842995069,0.4350055213677853
0,-0.035,2.1,135,1.2541709009000976,0.49516354749974567
0,-0.035,2.2,134,1.286484651595592,0.5398666825603927
0,-0.035,2.3000000000000003,134,1.2889395248074618,0.570220974151535
0,-0.035,2.4000000000000004,134,1.2967548542783616,0.6028167144390121
0,-0.035,2.5,134,1.2997746733837325,0.6333238004105947
0,-0.035,2.6,134,1.3144275579587494,0.6585195576909911
0,-0.035,2.7,134,1.3144275579587494,0.6895840336646691
0,-0.035,2.8000000000000003,134,1.3148771173905065,0.7161006499410354
0,-0.035,2.9000000000000004,134,1.3153435353009542,0.7518136549794837
0,-0.035,3.0,134,1.3306484864944892,0.7681390717706155
0,-0.035,3.1,134,1.3316315750419183,0.7687708598056573
0,-0.035,3.2,134,1.3331011061755174,0.7748628756281346
0,-0.035,3.3000000000000003,134,1.3290609389959687,0.7659019721040357
0,-0.035,3.4000000000000004,134,1.3187908400038646,0.7540169797912447
0,-0.035,3.5,134,1.3302813530237165,0.7760592916599643
0,-0.035,3.6,134,1.3350573802103536,0.7456466068423679
0,-0.035,3.7,134,1.3277039492170548,0.7606233309191957
0,-0.035,3.8000000000000003,134,1.3351134713248796,0.7526351368217412
0,-0.035,3.9000000000000004,134,1.3256227350492629,0.7548597214117668
0,-0.035,4.0,134,1.3318460071902474,0.7501553904611847
0,-0.035,4.1000000000000005,134,1.369395115187607,0.7319576005571158
0,-0.035,4.2,134,1.3689060053719848,0.7388618554234375
0,-0.035,4.3,133,1.3314602196161218,0.7638800964007807
0,-0.035,4.4,133,1.3328675594864228,0.7593746139317711
0,-0.035,4.5,133,1.3297887000828459,0.7420205835784911
0,-0.035,4.6000000000000005,133,1.3379308173408826,0.7457314259042037
0,-0.035,4.7,133,1.3634319730203026,0.7488558508401871
0,-0.035,4.800000000000001,133,1.3663653286140178,0.7441486482566869
0,-0.035,4.9,133,1.3713797899599018,0.7335309343645221
0,-0.035,5.0,133,1.379857962203631,0.7321231975712195
0,-0.035,5.1000000000000005,133,1.3811916158980742,0.7050383122762706
0,-0.035,5.2,133,1.557718516457912,0.7153962627315767
0,-0.035,5.300000000000001,133,1.5472866106411214,0.6913526360776969
0,-0.035,5.4,133,1.5678083443610455,0.6955306308872604
0,-0.035,5.5,133,1.5990619843782214,0.7052080917582402
0,-0.035,5.6000000000000005,133,1.8520568657963241,0.7112059849965434
0,-0.035,5.7,133,2.113210746874097,0.7420541788405
0,-0.035,5.800000000000001,133,2.15073290237938,0.7539219540573462
0,-0.035,5.9,133,2.2403251776065063,0.7621920910517773
0,-0.035,6.0,133,2.2957155925988584,0.7749994404911165
0,-0.04,0.0,135,0.6358265944163032,0.06505809448540555
0,-0.04,0.1,135,0.661141959190149,0.08693482929516647
0,-0.04,0.2,135,0.671203869987305,0.09759191804207808
0,-0.04,0.30000000000000004,135,0.7167017554984539,0.11875515871426656
0,-0.04,0.4,135,0.7552659689738421,0.12876834457073452
0,-0.04,0.5,135,0.7818606730724126,0.13778289608388722
0,-0.04,0.6000000000000001,135,0.8239919924915192,0.16572410909431926
0,-0.04,0.7000000000000001,135,0.8407724092921426,0.17692870466374463
0,-0.04,0.8,135,0.8473206056441839,0.18815633240905613
0,-0.04,0.9,135,0.8754185430766682,0.19677674002833126
0,-0.04,1.0,135,0.8997585797199324,0.20247159593898573
0,-0.04,1.1,135,0.9150117459443616,0.21079385484848184
0,-0.04,1.2000000000000002,135,0.9679712080303592,0.2072738365065276
0,-0.04,1.3,135,0.9961657496494558,0.21734628483068058
0,-0.04,1.4000000000000001,135,1.0527377779156584,0.23442313925860628
0,-0.04,1.5,135,1.1075839175147655,0.26209809199469236
0,-0.04,1.6,135,1.1365798039136594,0.2762620503772467
0,-0.04,1.7000000000000002,135,1.185528344461089,0.3204073980921018
0,-0.04,1.8,135,1.2003794460669235,0.34577191495357906
0,-0.04,1.9000000000000001,135,1.2122894838509337,0.3646609628455546
0,-0.04,2.0,135,1.2228308234772507,0.3860802898681643
0,-0.04,2.1,135,1.2452314357490726,0.42022731691766047
0,-0.04,2.2,135,1.265529324401151,0.443512802873838
0,-0.04,2.3000000000000003,135,1.2754464563699508,0.4897444218135508
0,-0.04,2.4000000000000004,135,1.2786560755774856,0.5203687850319293
0,-0.04,2.5,134,1.2952608049791825,0.558862459938279
0,-0.04,2.6,134,1.2969308564628672,0.5728132353186874
0,-0.04,2.7,134,1.2999867454448941,0.6183546143831168
0,-0.04,2.8000000000000003,134,1.311024176415934,0.6460559405061856
0,-0.04,2.9000000000000004,134,1.3126513051143989,0.6731016211984139
0,-0.04,3.0,134,1.3144275579587494,0.7164621735040683
0,-0.04,3.1,134,1.3189530751811709,0.7358509002949555
0,-0.04,3.2,134,1.3282628735754773,0.7685938185871638
0,-0.04,3.3000000000000003,134,1.332880926117163,0.7765149394154625
0,-0.04,3.4000000000000004,134,1.3421235788004846,0.7838907239067902
0,-0.04,3.5,134,1.3412430333871106,0.7726693537185457
0,-0.04,3.6,134,1.3438010374868632,0.770293389685458
0,-0.04,3.7,134,1.3527635436630787,0.7554317056415534
0,-0.04,3.8000000000000003,134,1.3343787760784531,0.7822626534585251
0,-0.04,3.9000000000000004,134,1.34361943962405,0.7742111554254087
0,-0.04,4.0,134,1.3350573802103536,0.7477667346569253
0,-0.04,4.1000000000000005,134,1.3357964328928078,0.7664172960830825
0,-0.04,4.2,134,1.3511004545674197,0.791152900988751
0,-0.04,4.3,134,1.343769169265607,0.7505053123440306
0,-0.04,4.4,134,1.3318460071902474,0.7271015599124651
0,-0.04,4.5,134,1.3681330107108505,0.7347386393804926
0,-0.04,4.6000000000000005,134,1.3727671369605607,0.7435872703740691
0,-0.04,4.7,134,1.3762092665241759,0.7627200157125424
0,-0.04,4.800000000000001,134,1.3699495467672933,0.7546392416192063
0,-0.04,4.9,133,1.3325905328009555,0.7582234692514439
0,-0.04,5.0,133,1.3467736757977722,0.7627046260681645
0,-0.04,5.1000000000000005,133,1.3415520351025372,0.7173108851614828
0,-0.04,5.2,133,1.355795404330996,0.7211300505576086
0,-0.04,5.300000000000001,133,1.3573047511315222,0.722375863222821
0,-0.04,5.4,133,1.3663653286140178,0.7131567810983453
0,-0.04,5.5,133,1.3773597880481625,0.7266823856236626
0,-0.04,5.6000000000000005,133,1.3791984722278683,0.7240937545551934
0,-0.04,5.7,133,1.3931423169733517,0.7268347470588105
0,-0.04,5.800000000000001,133,1.396109343334895,0.7130679196944694
0,-0.04,5.9,133,1.380320401797399,0.7051079740971414
0,-0.04,6.0,133,1.5662240785511425,0.7133050808604107
0,-0.045,0.0,135,0.6358265944163032,0.06505809448540555
0,-0.045,0.1,135,0.6587940755922655,0.08661716856083908
0,-0.045,0.2,135,0.6791456577177853,0.10361615233892864
0,-0.045,0.30000000000000004,135,0.7145962674271102,0.1171386855024638
0,-0.045,0.4,135,0.7289877641367193,0.12451075043219775
0,-0.045,0.5,135,0.7875711424681422,0.14176721797695305
0,-0.045,0.6000000000000001,135,0.8143439657030337,0.16476659837209415
0,-0.045,0.7000000000000001,135,0.8349691921369948,0.17225290425322726
0,-0.045,0.8,135,0.8425823640432739,0.1852430152572933
0,-0.045,0.9,135,0.8554075917128214,0.18792676384635768
0,-0.045,1.0,135,0.887568014434917,0.19718623028088952
0,-0.045,1.1,135,0.9074378185918318,0.19337644582731273
0,-0.045,1.2000000000000002,135,0.926175797119757,0.20254230939528636
0,-0.045,1.3,135,0.9598452205344733,0.19512347557707685
0,-0.045,1.4000000000000001,135,0.9882736777180285,0.21640337086460565
0,-0.045,1.5,135,1.047129656694254,0.22928338531757106
0,-0.045,1.6,135,1.1075839175147655,0.24825745628865928
0,-0.045,1.7000000000000002,135,1.134083639175439,0.2633830994714841
0,-0.045,1.8,135,1.1728243946619101,0.297111113196548
0,-0.045,1.9000000000000001,135,1.1972958974019794,0.3259561536848244
0,-0.045,2.0,135,1.2065591521929948,0.3576352380791494
0,-0.045,2.1,135,1.2122894838509337,0.36461167850263226
0,-0.045,2.2,135,1.2412580598666918,0.3921605620853831
0,-0.045,2.3000000000000003,135,1.2600833550636514,0.42800987622645853
0,-0.045,2.4000000000000004,135,1.2645207248435215,0.44620574391914974
0,-0.045,2.5,135,1.2754594991638073,0.4945011708242168
0,-0.045,2.6,135,1.2841576012099591,0.5126660511781976
0,-0.045,2.7,135,1.2865552620286727,0.5387927760649603
0,-0.045,2.8000000000000003,135,1.2883947662334962,0.5500103220981071
0,-0.045,2.9000000000000004,134,1.3087040567980273,0.5950070512115533
0,-0.045,3.0,134,1.3094768670909989,0.6279241817449919
0,-0.045,3.1,134,1.3094768670909989,0.6674696347193727
0,-0.045,3.2,134,1.3126513051143989,0.6935773344725893
0,-0.045,3.3000000000000003,134,1.3246254945989766,0.7343679944312942
0,-0.045,3.4000000000000004,134,1.3315097731356476,0.7512889581494319
0,-0.045,3.5,134,1.3324145082067154,0.766697177868004
0,-0.045,3.6,134,1.3396166361120803,0.7591186211518077
0,-0.045,3.7,134,1.348761764060552,0.7796334832476078
0,-0.045,3.8000000000000003,134,1.3554955413391538,0.7684569631260002
0,-0.045,3.9000000000000004,134,1.3568309694616991,0.7678666712328186
0,-0.045,4.0,134,1.3646094720425244,0.7784784470477353
0,-0.045,4.1000000000000005,134,1.3647193356374627,0.8019717249854773
0,-0.045,4.2,134,1.3383776346037228,0.7523850395044297
0,-0.045,4.3,134,1.3481483249042374,0.7731353100215939
0,-0.045,4.4,134,1.3508952426327485,0.7793469193849201
0,-0.045,4.5,134,1.342929046080723,0.7756956402791366
0,-0.045,4.6000000000000005,134,1.3293514611812889,0.7458476327099829
0,-0.045,4.7,134,1.3506490431922122,0.7442534926038064
0,-0.045,4.800000000000001,134,1.343769169265607,0.7482900298338879
0,-0.045,4.9,134,1.3726771218383813,0.7360003771513697
0,-0.045,5.0,134,1.3730637895361617,0.7504515297782642
0,-0.045,5.1000000000000005,134,1.3731538046583414,0.7354769674783982
0,-0.045,5.2,134,1.3763133486241361,0.7336978877479695
0,-0.045,5.300000000000001,134,1.3876814204550016,0.7581080837772817
0,-0.045,5.4,134,1.3813923601913323,0.7064401539917344
0,-0.045,5.5,133,1.3433770685182393,0.7338175072681796
0,-0.045,5.6000000000000005,133,1.3584672460862215,0.7317415247893636
0,-0.045,5.7,133,1.3538955777568598,0.7079479851268068
0,-0.045,5.800000000000001,133,1.3555726251608484,0.7206631449774719
0,-0.045,5.9,133,1.3610194843827188,0.7285164551196582
0,-0.045,6.0,133,1.3684800475411223,0.7284913526414557
0,-0.05,0.0,135,0.6358265944163032,0.06505809448540555
0,-0.05,0.1,135,0.6576231452117131,0.08434166269855456
0,-0.05,0.2,135,0.6650429103718949,0.10096301292802322
0,-0.05,0.30000000000000004,135,0.7014264226802642,0.11717909742361854
0,-0.05,0.4,135,0.7279289628510319,0.12881022405151907
0,-0.05,0.5,135,0.7758937675788485,0.13037517459668482
0,-0.05,0.6000000000000001,135,0.7939864842765115,0.14421497864594227
0,-0.05,0.7000000000000001,135,0.8216746171293339,0.1626294494352002
0,-0.05,0.8,135,0.8396220278205262,0.1793005252211472
0,-0.05,0.9,135,0.8540788222159991,0.18381539516860573
0,-0.05,1.0,135,0.8559165328838487,0.19653037984855756
0,-0.05,1.1,135,0.8954553375508472,0.19877601724864433
0,-0.05,1.2000000000000002,135,0.916504142092985,0.20148936866932998
0,-0.05,1.3,135,0.9263048460292937,0.1912131184310392
0,-0.05,1.4000000000000001,135,0.9572409418939158,0.19638679310165139
0,-0.05,1.5,135,0.9898561220949522,0.2147317852709912
0,-0.05,1.6,135,1.025800766565249,0.22934208090859315
0,-0.05,1.7000000000000002,135,1.0729756364453182,0.2380066319484022
0,-0.05,1.8,135,1.1122709544291858,0.25896869905926734
0,-0.05,1.9000000000000001,135,1.1453363800671843,0.27378964648994997
0,-0.05,2.0,135,1.186713428065045,0.31123835980400383
0,-0.05,2.1,135,1.1981795327295994,0.33111580185819794
0,-0.05,2.2,135,1.2122894838509337,0.3589838438734647
0,-0.05,2.3000000000000003,135,1.2424040209337532,0.3731674877838903
0,-0.05,2.4000000000000004,135,1.2561706714302974,0.37925551086828263
0,-0.05,2.5,135,1.2643386480964414,0.4231522652436559
0,-0.05,2.6,135,1.2713772637824559,0.44972703076692305
0,-0.05,2.7,135,1.2815340505469772,0.49156006959082327
0,-0.05,2.8000000000000003,135,1.2837338050941554,0.510237470324634
0,-0.05,2.9000000000000004,135,1.287725105789005,0.5195077406611209
0,-0.05,3.0,135,1.288925006632958,0.5381226901393591
0,-0.05,3.1,135,1.2988910347360518,0.5662321281413916
0,-0.05,3.2,134,1.308570167421381,0.6185978792439514
0,-0.05,3.3000000000000003,134,1.308877454515323,0.6423043687942053
0,-0.05,3.4000000000000004,134,1.3095125168675934,0.6808543935357844
0,-0.05,3.5,134,1.3252822303814955,0.7018976290335303
0,-0.05,3.6,134,1.3300444894268941,0.7362415093755568
0,-0.05,3.7,134,1.3312433264873371,0.7613996130645795
0,-0.05,3.8000000000000003,134,1.3373927447204366,0.7777799365650618
0,-0.05,3.9000000000000004,134,1.3591404610110438,0.7735102085092521
0,-0.05,4.0,134,1.3623761768971454,0.776289763050972
0,-0.05,4.1000000000000005,134,1.3623761768971454,0.7894429078955241
0,-0.05,4.2,134,1.3568309694616991,0.7648464358323062
0,-0.05,4.3,134,1.3583499934030783,0.7773191186066583
0,-0.05,4.4,134,1.371705141237533,0.7889756288356982
0,-0.05,4.5,134,1.3718150048324713,0.7791963704429804
0,-0.05,4.6000000000000005,134,1.3666265530727506,0.7926137228957814
0,-0.05,4.7,134,1.3481852688971443,0.7607369697071819
0,-0.05,4.800000000000001,134,1.3507520528119652,0.7911573695174603
0,-0.05,4.9,134,1.321395585467378,0.7459304550862792
0,-0.05,5.0,134,1.3422667068606635,0.7501366708191619
0,-0.05,5.1000000000000005,134,1.3496944577369718,0.7526583601004943
0,-0.05,5.2,134,1.3551931543197426,0.7692041155305245
0,-0.05,5.300000000000001,134,1.3492915484456647,0.765445987496335
0,-0.05,5.4,134,1.3859652196640482,0.7196845958250986
0,-0.05,5.5,134,1.3730637895361617,0.7340544116287423
0,-0.05,5.6000000000000005,134,1.379250650213752,0.7217168207625524
0,-0.05,5.7,134,1.381879816518289,0.7078279503895635
0,-0.05,5.800000000000001,134,1.387756162048175,0.7371508177981538
0,-0.05,5.9,134,1.3923946961816318,0.7282043051644296
0,-0.05,6.0,134,1.3813923601913323,0.7147194512005207
0,-0.055,0.0,135,0.6358265944163032,0.06505809448540555
0,-0.055,0.1,135,0.6486653502074063,0.08389696559835359
0,-0.055,0.2,135,0.6650429103718949,0.10057619599229632
0,-0.055,0.30000000000000004,135,0.7014264226802642,0.1172684341742068
0,-0.055,0.4,135,0.7200259419562478,0.1280106661701709
0,-0.055,0.5,135,0.7603429324621531,0.1273432684990054
0,-0.055,0.6000000000000001,135,0.8014668813722932,0.14986962703982204
0,-0.055,0.7000000000000001,135,0.8134015823885996,0.16393762869357822
0,-0.055,0.8,135,0.832573805800432,0.17465830436327684
0,-0.055,0.9,135,0.8410738084430415,0.18060362973026936
0,-0.055,1.0,135,0.8610900039018897,0.18840235739943717
0,-0.055,1.1,135,0.873079410827762,0.19745448637053672
0,-0.055,1.2000000000000002,135,0.8965636394116191,0.1942224841618675
0,-0.055,1.3,135,0.9184376608142674,0.18495726802774126
0,-0.055,1.4000000000000001,135,0.9313155627645476,0.193058790940645
0,-0.055,1.5,135,0.9557104621489874,0.19397729724687782
0,-0.055,1.6,135,0.9937668280102449,0.21348358576593715
0,-0.055,1.7000000000000002,135,1.024897424198492,0.22640449397126275
0,-0.055,1.8,135,1.0440275887258932,0.22602901780886106
0,-0.055,1.9000000000000001,135,1.1094670883393207,0.2487542328420419
0,-0.055,2.0,135,1.1366983032686835,0.259339526999332
0,-0.055,2.1,135,1.1718453733644216,0.28276013232287395
0,-0.055,2.2,135,1.192527581219555,0.32424268027869596
0,-0.055,2.3000000000000003,135,1.2048780819310367,0.34372535917762737
0,-0.055,2.4000000000000004,135,1.2345366625708014,0.36108682335572057
0,-0.055,2.5,135,1.2557325316700654,0.372201928462071
0,-0.055,2.6,135,1.2568307374368979,0.3891366719811281
0,-0.055,2.7,135,1.2713772637824559,0.42349357658019054
0,-0.055,2.8000000000000003,135,1.2730274287989576,0.45434491343382516
0,-0.055,2.9000000000000004,135,1.2794809778244174,0.4886396045867474
0,-0.055,3.0,135,1.28401881527309,0.5008521187096658
0,-0.055,3.1,135,1.2883683806428061,0.5120489162135314
0,-0.055,3.2,135,1.2983448310816843,0.530763782373195
0,-0.055,3.3000000000000003,135,1.2983448310816843,0.5579103914500025
0,-0.055,3.4000000000000004,135,1.2988910347360518,0.5896552266157841
0,-0.055,3.5,134,1.308583868119837,0.6253291908857137
0,-0.055,3.6,134,1.3149667895798909,0.6549986045465136
0,-0.055,3.7,134,1.322396205365522,0.6814270767291827
0,-0.055,3.8000000000000003,134,1.3284971801019594,0.7092636731240879
0,-0.055,3.9000000000000004,134,1.3337169167638934,0.7434099193462068
0,-0.055,4.0,134,1.3497135291274733,0.7674655936525767
0,-0.055,4.1000000000000005,134,1.3561213653130633,0.7776764571526296
0,-0.055,4.2,134,1.3592975702019316,0.7587968984156047
0,-0.055,4.3,134,1.3616182477926677,0.7785779539123451
0,-0.055,4.4,134,1.3637116050196905,0.7820683100567934
0,-0.055,4.5,134,1.3544453565426877,0.7566319067351621
0,-0.055,4.6000000000000005,134,1.3641630133443552,0.7731910345843496
0,-0.055,4.7,134,1.3714613653854972,0.7878841438357953
0,-0.055,4.800000000000001,134,1.371705141237533,0.7733129847609381
0,-0.055,4.9,134,1.3718150048324713,0.785397460645223
0,-0.055,5.0,134,1.3666634970656573,0.7698436403133765
0,-0.055,5.1000000000000005,134,1.3562999374896658,0.7902570505066346
0,-0.055,5.2,134,1.3507520528119652,0.7733545928179587
0,-0.055,5.300000000000001,134,1.3313112935146174,0.7571103305147672
0,-0.055,5.4,134,1.3410783809741722,0.7587020163496011
0,-0.055,5.5,134,1.3520296570243933,0.7463665639383934
0,-0.055,5.6000000000000005,134,1.354717823965146,0.756030928155076
0,-0.055,5.7,134,1.3551931543197426,0.7456749276489589
0,-0.055,5.800000000000001,134,1.349678216143445,0.7375298206786239
0,-0.055,5.9,134,1.3529572753926535,0.7241862860365988
0,-0.055,6.0,134,1.3790565529916117,0.7053107496292856
0,-0.06,0.0,135,0.6358265944163032,0.06505809448540555
0,-0.06,0.1,135,0.6486653502074063,0.08367910067460631
0,-0.06,0.2,135,0.6650429103718949,0.09802880292448803
0,-0.06,0.30000000000000004,135,0.6844502567698338,0.11366447491840244
0,-0.06,0.4,135,0.717547704858153,0.1274868306512258
0,-0.06,0.5,135,0.735013237110125,0.12623336670046562
0,-0.06,0.6000000000000001,135,0.7956681223323893,0.14749190923192132
0,-0.06,0.7000000000000001,135,0.7941875801087096,0.14269906251512005
0,-0.06,0.8,135,0.8230209118750268,0.174688376183021
0,-0.06,0.9,135,0.8389739606807706,0.1754584491766837
0,-0.06,1.0,135,0.850798695935873,0.18437213237503394
0,-0.06,1.1,135,0.8669882330290922,0.19680124457650444
0,-0.06,1.2000000000000002,135,0.8812756789099545,0.18947094106372492
0,-0.06,1.3,135,0.9138657506947157,0.18543477244765907
0,-0.06,1.4000000000000001,135,0.920103779219268,0.18439349349615217
0,-0.06,1.5,135,0.9313155627645476,0.1929870149114042
0,-0.06,1.6,135,0.9671557958777167,0.1946419399835391
0,-0.06,1.7000000000000002,135,0.9913650364876437,0.21428865974160846
0,-0.06,1.8,135,1.0039249473594063,0.22331081861368748
0,-0.06,1.9000000000000001,135,1.0351804173787218,0.22531746751215126
0,-0.06,2.0,135,1.0833489611937717,0.24304191067285028
0,-0.06,2.1,135,1.1269671530766483,0.25866184590808655
0,-0.06,2.2,135,1.1654619630845744,0.27334520619475405
0,-0.06,2.3000000000000003,135,1.1887695759001196,0.300493562759749
0,-0.06,2.4000000000000004,135,1.1993164646576682,0.33599864567706833
0,-0.06,2.5,135,1.2289082255455426,0.35853703561548517
0,-0.06,2.6,135,1.248511084281254,0.36402159878497403
0,-0.06,2.7,135,1.2557325316700654,0.38348763588028534
0,-0.06,2.8000000000000003,135,1.2624703784026468,0.39583577027179306
0,-0.06,2.9000000000000004,135,1.2691147451656033,0.4256354692441579
0,-0.06,3.0,135,1.2788133630851235,0.4546112020234015
0,-0.06,3.1,135,1.2808656325395291,0.48969189285557574
0,-0.06,3.2,135,1.2841023582277755,0.4997328871848779
0,-0.06,3.3000000000000003,135,1.2874015659809772,0.5081605381549982
0,-0.06,3.4000000000000004,135,1.2983448310816843,0.521805320583797
0,-0.06,3.5,135,1.2983448310816843,0.5589427181292983
0,-0.06,3.6,135,1.298864649145362,0.5758393398609966
0,-0.06,3.7,135,1.2989678147757395,0.5974136547768552
0,-0.06,3.8000000000000003,134,1.3197731301991342,0.6517185934589252
0,-0.06,3.9000000000000004,134,1.322425626888368,0.6669267968798214
0,-0.06,4.0,134,1.3268700514034943,0.6919033257567735
0,-0.06,4.1000000000000005,134,1.3313376830468309,0.7238250714547083
0,-0.06,4.2,134,1.3486242360900351,0.752341858450333
0,-0.06,4.3,134,1.3543451124687127,0.7587667587251536
0,-0.06,4.4,134,1.3578041770758187,0.7724644055334403
0,-0.06,4.5,134,1.3592975702019316,0.765562800841487
0,-0.06,4.6000000000000005,134,1.362953675915213,0.7676483150490905
0,-0.06,4.7,134,1.370807274214699,0.7847194431628317
0,-0.06,4.800000000000001,134,1.370807274214699,0.7875260905716872
0,-0.06,4.9,134,1.361777400425344,0.7747768939910243
0,-0.06,5.0,134,1.3641630133443552,0.7816303066897322
0,-0.06,5.1000000000000005,134,1.3714613653854972,0.7649040000723836
0,-0.06,5.2,134,1.371705141237533,0.7870490852193176
0,-0.06,5.300000000000001,134,1.3774285866224567,0.7827955392993402
0,-0.06,5.4,134,1.3675190917039308,0.8008289936155286
0,-0.06,5.5,134,1.3544805110224327,0.7745268698270733
0,-0.06,5.6000000000000005,134,1.3507520528119652,0.7562079998160495
0,-0.06,5.7,134,1.3697641352568832,0.7651065107359954
0,-0.06,5.800000000000001,134,1.343890710585929,0.7538429738858097
0,-0.06,5.9,134,1.3514898511662525,0.7529489131261669
0,-0.06,6.0,134,1.3542385688645027,0.742472247391138
0,-0.065,0.0,135,0.6358265944163032,0.06505809448540555
0,-0.065,0.1,135,0.6563593110928567,0.09137306156005653
0,-0.065,0.2,135,0.6650429103718949,0.09213262748191611
0,-0.065,0.30000000000000004,135,0.6795918689702697,0.10946071525043015
0,-0.065,0.4,135,0.7061714958954232,0.12147644899958131
0,-0.065,0.5,135,0.735013237110125,0.12588840250009337
0,-0.065,0.6000000000000001,135,0.7814401020101596,0.14619603703047218
0,-0.065,0.7000000000000001,135,0.8015540170905312,0.14688284692228296
0,-0.065,0.8,135,0.8132188569686826,0.17050398864087088
0,-0.065,0.9,135,0.8308091369909534,0.1716794140183259
0,-0.065,1.0,135,0.8460937644391183,0.17473475014417675
0,-0.065,1.1,135,0.854234843777226,0.18307717551355335
0,-0.065,1.2000000000000002,135,0.8699873144912275,0.1976052724950507
0,-0.065,1.3,135,0.890352166514585,0.18686550339123575
0,-0.065,1.4000000000000001,135,0.9058459408398368,0.17395230474157358
0,-0.065,1.5,135,0.9158995750150639,0.18056173673078685
0,-0.065,1.6,135,0.940318675125788,0.18780776895653314
0,-0.065,1.7000000000000002,135,0.9671557958777167,0.1945641548426604
0,-0.065,1.8,135,0.9794625684300294,0.21249933626459214
0,-0.065,1.9000000000000001,135,0.9993213808299141,0.22195988531894736
0,-0.065,2.0,135,1.0362760120626588,0.22371545854630495
0,-0.065,2.1,135,1.0648596133197248,0.2359623817608761
0,-0.065,2.2,135,1.0993090139034685,0.2507452571772686
0,-0.065,2.3000000000000003,135,1.1364668007619472,0.255122815145
0,-0.065,2.4000000000000004,135,1.1839895566439556,0.2895214076435576
0,-0.065,2.5,135,1.1922652714800415,0.3091810484516091
0,-0.065,2.6,135,1.2129295493969656,0.34047956197911566
0,-0.065,2.7,135,1.2326529952178729,0.35716526342634736
0,-0.065,2.8000000000000003,135,1.2557325316700654,0.36801198385573364
0,-0.065,2.9000000000000004,135,1.2576676432140066,0.39119700421295817
0,-0.065,3.0,135,1.2691147451656033,0.40210193147378326
0,-0.065,3.1,135,1.2749006794517694,0.42496454337199197
0,-0.065,3.2,135,1.2801980178002352,0.45559073240332104
0,-0.065,3.3000000000000003,135,1.2803800945473154,0.4826116948146068
0,-0.065,3.4000000000000004,135,1.2841023582277755,0.4946426176418416
0,-0.065,3.5,135,1.2952619362386701,0.5056198513999156
0,-0.065,3.6,135,1.2970828283382,0.5216875117835039
0,-0.065,3.7,135,1.2983448310816843,0.5588256916011168
0,-0.065,3.8000000000000003,135,1.2983802167858598,0.5641851801285916
0,-0.065,3.9000000000000004,135,1.3050395969785147,0.5737013632972757
0,-0.065,4.0,135,1.3100741934322266,0.6260912285360964
0,-0.065,4.1000000000000005,134,1.3222280851851198,0.6534226908014094
0,-0.065,4.2,134,1.327228728398238,0.6742626121635027
0,-0.065,4.3,134,1.344195574116861,0.7114271663814788
0,-0.065,4.4,134,1.345449798066635,0.7356640948390779
0,-0.065,4.5,134,1.3538955530369556,0.7363238841589012
0,-0.065,4.6000000000000005,134,1.3545022216596,0.7572989232791332
0,-0.065,4.7,134,1.3576946330528148,0.7665458995208583
0,-0.065,4.800000000000001,134,1.3662352743933726,0.7647842673635448
0,-0.065,4.9,134,1.3700493451102214,0.7621450149671473
0,-0.065,5.0,134,1.370807274214699,0.7912967212491712
0,-0.065,5.1000000000000005,134,1.370807274214699,0.7839203207201224
0,-0.065,5.2,134,1.361541025737696,0.7648096049354548
0,-0.065,5.300000000000001,134,1.361777400425344,0.7578938762081605
0,-0.065,5.4,134,1.3702109832181217,0.7594345824185195
0,-0.065,5.5,134,1.3714613653854972,0.7841431071028881
0,-0.065,5.6000000000000005,134,1.3717420852304396,0.7924810366844285
0,-0.065,5.7,134,1.3774285866224567,0.8048613650541169
0,-0.065,5.800000000000001,134,1.3675190917039308,0.7697734336933443
0,-0.065,5.9,134,1.3544805110224327,0.7461997363955758
0,-0.065,6.0,134,1.3588667214044867,0.7692643604919831
0,-0.07,0.0,135,0.6358265944163032,0.06505809448540555
0,-0.07,0.1,135,0.6563593110928567,0.09022844015111793
0,-0.07,0.2,135,0.6677975312299641,0.09942210351917032
0,-0.07,0.30000000000000004,135,0.6794836495279358,0.10816523206948693
0,-0.07,0.4,135,0.7061714958954232,0.11948327685446877
0,-0.07,0.5,135,0.726511989826001,0.12661199469024428
0,-0.07,0.6000000000000001,135,0.7676006253854555,0.13447326413392116
0,-0.07,0.7000000000000001,135,0.7956681223323893,0.1451822344252684
0,-0.07,0.8,135,0.8018579723944865,0.16084053151775496
0,-0.07,0.9,135,0.821513698829764,0.1713866559023374
0,-0.07,1.0,135,0.8399941707274335,0.17037872128817821
0,-0.07,1.1,135,0.8498383597131253,0.17577470789689664
0,-0.07,1.2000000000000002,135,0.8605044939708851,0.18938452112214857
0,-0.07,1.3,135,0.8738013074423168,0.1834155456212657
0,-0.07,1.4000000000000001,135,0.8971596756538524,0.1768995923074859
0,-0.07,1.5,135,0.9095894863184644,0.17558841739059716
0,-0.07,1.6,135,0.9206354584394719,0.18292470396418206
0,-0.07,1.7000000000000002,135,0.9462007022622608,0.18942141023878
0,-0.07,1.8,135,0.9622276723051064,0.19380931491594633
0,-0.07,1.9000000000000001,135,0.9747852609926371,0.20990147127595604
0,-0.07,2.0,135,1.0002318547872115,0.2225237491039359
0,-0.07,2.1,135,1.0284670600213828,0.22349458626385982
0,-0.07,2.2,135,1.0424732548645304,0.23607777150656137
0,-0.07,2.3000000000000003,135,1.0765159936351811,0.24868916261891033
0,-0.07,2.4000000000000004,135,1.1316387053882622,0.25166481872341234
0,-0.07,2.5,135,1.1680675365566606,0.26726926235705667
0,-0.07,2.6,135,1.184684513803211,0.29330867309744824
0,-0.07,2.7,135,1.2071474556694204,0.332948194579788
0,-0.07,2.8000000000000003,135,1.2276768287874515,0.3403458014168029
0,-0.07,2.9000000000000004,135,1.2425648117963561,0.364084731157625
0,-0.07,3.0,135,1.2576676432140066,0.3837804894936528
0,-0.07,3.1,135,1.2634312133626804,0.39302297704333716
0,-0.07,3.2,135,1.2732101239227867,0.4030223521164269
0,-0.07,3.3000000000000003,135,1.275447127539201,0.42235997031593203
0,-0.07,3.4000000000000004,135,1.2801980178002352,0.4584665390707257
0,-0.07,3.5,135,1.2810233694011168,0.48735986339570087
0,-0.07,3.6,135,1.282688929056383,0.49242212232343613
0,-0.07,3.7,135,1.2940788086666537,0.5142231377764808
0,-0.07,3.8000000000000003,135,1.2968213904297035,0.5242513064894322
0,-0.07,3.9000000000000004,135,1.2983448310816843,0.5324127672314859
0,-0.07,4.0,135,1.2983802167858598,0.5627899116960335
0,-0.07,4.1000000000000005,135,1.3100064135060248,0.5782137199803362
0,-0.07,4.2,135,1.311443406338585,0.6120497628961601
0,-0.07,4.3,135,1.313300277470533,0.6291136812070725
0,-0.07,4.4,134,1.3438663379447802,0.6717551291689999
0,-0.07,4.5,134,1.3445744845184135,0.6993069651131413
0,-0.07,4.6000000000000005,134,1.3448503854909593,0.7152244223092925
0,-0.07,4.7,134,1.3494953597319923,0.7235546118585715
0,-0.07,4.800000000000001,134,1.352505352902908,0.7384014375029636
0,-0.07,4.9,134,1.3570548994471332,0.7541974969904445
0,-0.07,5.0,134,1.3641505686421418,0.7774866731428124
0,-0.07,5.1000000000000005,134,1.3662352743933726,0.7585937527300814
0,-0.07,5.2,134,1.3700493451102214,0.7737956376324211
0,-0.07,5.300000000000001,134,1.3700493451102214,0.7850133845820823
0,-0.07,5.4,134,1.370807274214699,0.7738757226032246
0,-0.07,5.5,134,1.370807274214699,0.76910870772661
0,-0.07,5.6000000000000005,134,1.361777400425344,0.7545553391711755
0,-0.07,5.7,134,1.361777400425344,0.77281348991899
0,-0.07,5.800000000000001,134,1.3702109832181217,0.7889702858839992
0,-0.07,5.9,134,1.3714983093784034,0.7792289159279768
0,-0.07,6.0,134,1.3717420852304396,0.8036327518366565
0,-0.075,0.0,135,0.6358265944163032,0.06505809448540555
0,-0.075,0.1,135,0.6563593110928567,0.09026511048481795
0,-0.075,0.2,135,0.6665054735843152,0.0993402537135636
0,-0.075,0.30000000000000004,135,0.6676062237379109,0.10462243855381993
0,-0.075,0.4,135,0.7058875452781391,0.11823436689748211
0,-0.075,0.5,135,0.7234567671118962,0.12964716958545927
0,-0.075,0.6000000000000001,135,0.7433665942884856,0.13824449375589537
0,-0.075,0.7000000000000001,135,0.7842621022304668,0.1469018779495021
0,-0.075,0.8,135,0.8016679772044913,0.15505028268902724
0,-0.075,0.9,135,0.7952791630108892,0.15097492975527343
0,-0.075,1.0,135,0.8334392223649024,0.16784303965586356
0,-0.075,1.1,135,0.8451494010030663,0.16865347535818362
0,-0.075,1.2000000000000002,135,0.854120883663266,0.18302208602686848
0,-0.075,1.3,135,0.8677762266313874,0.1858483884641743
0,-0.075,1.4000000000000001,135,0.8775992162795957,0.18155837228461577
0,-0.075,1.5,135,0.9045584455536275,0.18188488099706926
0,-0.075,1.6,135,0.9107276638463984,0.17421953324949
0,-0.075,1.7000000000000002,135,0.9309559281170451,0.1845874094746117
0,-0.075,1.8,135,0.9546649564712719,0.19423174678752414
0,-0.075,1.9000000000000001,135,0.9611851482996194,0.19063965402757227
0,-0.075,2.0,135,0.974724210931587,0.20928330273375295
0,-0.075,2.1,135,0.9941839245039872,0.22081412348758628
0,-0.075,2.2,135,1.0284670600213828,0.2215271837965536
0,-0.075,2.3000000000000003,135,1.0375764595565364,0.22893620178957563
0,-0.075,2.4000000000000004,135,1.0600404271305859,0.24554704964159124
0,-0.075,2.5,135,1.111221692209961,0.25036878753921793
0,-0.075,2.6,135,1.1543214073550303,0.25437987324239386
0,-0.075,2.7,135,1.1843227566972676,0.28120143061895403
0,-0.075,2.8000000000000003,135,1.204364104374867,0.30599610536501587
0,-0.075,2.9000000000000004,135,1.2217865038295115,0.3399401806529226
0,-0.075,3.0,135,1.2363654071632804,0.3419677841578233
0,-0.075,3.1,135,1.2553986194063576,0.37664386641552733
0,-0.075,3.2,135,1.2584370116162253,0.3855460156555236
0,-0.075,3.3000000000000003,135,1.2727719841625547,0.3997598454644658
0,-0.075,3.4000000000000004,135,1.2749006794517694,0.40147759001283184
0,-0.075,3.5,135,1.2762853341668814,0.42283884585099957
0,-0.075,3.6,135,1.2808412926540367,0.43972673829994785
0,-0.075,3.7,135,1.2816467650740173,0.48297114506647515
0,-0.075,3.8000000000000003,135,1.292108753505109,0.49087652827222333
0,-0.075,3.9000000000000004,135,1.2940788086666537,0.50429711855866
0,-0.075,4.0,135,1.2968213904297035,0.5167243199127347
0,-0.075,4.1000000000000005,135,1.296856776133879,0.5317876735467633
0,-0.075,4.2,135,1.3045197789148373,0.5604165884102342
0,-0.075,4.3,135,1.3094865954423474,0.5715674657691261
0,-0.075,4.4,135,1.3129462209295517,0.5956031199529114
0,-0.075,4.5,135,1.3269239094556584,0.6139926938030985
0,-0.075,4.6000000000000005,135,1.3339889329723498,0.648047841045222
0,-0.075,4.7,134,1.3443769428151653,0.6826667910783719
0,-0.075,4.800000000000001,134,1.344718691022127,0.6971161888590153
0,-0.075,4.9,134,1.3488959471563167,0.7087912124629011
0,-0.075,5.0,134,1.3508782242044433,0.7304826935420995
0,-0.075,5.1000000000000005,134,1.3596010220979167,0.7586893229387366
0,-0.075,5.2,134,1.3641505686421418,0.7694467667523275
0,-0.075,5.300000000000001,134,1.3654859967646866,0.769168368818881
0,-0.075,5.4,134,1.3656190892639737,0.7672908962217505
0,-0.075,5.5,134,1.3690223698945567,0.7595517202923782
0,-0.075,5.6000000000000005,134,1.3700493451102214,0.7996565202867684
0,-0.075,5.7,134,1.370807274214699,0.7542600747633577
0,-0.075,5.800000000000001,134,1.370807274214699,0.7706735817483209
0,-0.075,5.9,134,1.361777400425344,0.7662759115066625
0,-0.075,6.0,134,1.361777400425344,0.7827954871628188
0,-0.08,0.0,135,0.6358265944163032,0.06505809448540555
0,-0.08,0.1,135,0.6563593110928567,0.09026511048481795
0,-0.08,0.2,135,0.6665054735843152,0.09963480452357833
0,-0.08,0.30000000000000004,135,0.6755587650237854,0.11301070968718911
0,-0.08,0.4,135,0.7058875452781391,0.11384784274562586
0,-0.08,0.5,135,0.7230197300748591,0.13132714587793393
0,-0.08,0.6000000000000001,135,0.7353538416090662,0.13501852569298936
0,-0.08,0.7000000000000001,135,0.7807888023232802,0.14261854744598682
0,-0.08,0.8,135,0.7963853080249395,0.1477509894266087
0,-0.08,0.9,135,0.8018579723944865,0.15895501164424655
0,-0.08,1.0,135,0.8212611735772387,0.16620782111051538
0,-0.08,1.1,135,0.8390908283606766,0.16990405089101276
0,-0.08,1.2000000000000002,135,0.8470357540431941,0.1747148537762006
0,-0.08,1.3,135,0.8585044939708851,0.17896263176774999
0,-0.08,1.4000000000000001,135,0.8711249179250226,0.17318844173849723
0,-0.08,1.5,135,0.8782983158213635,0.179056222402301
0,-0.08,1.6,135,0.9120060593919328,0.1804291974929588
0,-0.08,1.7000000000000002,135,0.9182673504493752,0.17846474304103233
0,-0.08,1.8,135,0.9376653784213665,0.17976135888814077
0,-0.08,1.9000000000000001,135,0.9547938399334885,0.1929487648040666
0,-0.08,2.0,135,0.9614800291677488,0.19214370114663454
0,-0.08,2.1,135,0.974724210931587,0.20565957329642734
0,-0.08,2.2,135,0.9908725294214573,0.21609182562198936
0,-0.08,2.3000000000000003,135,1.0216170348988434,0.2264857519049906
0,-0.08,2.4000000000000004,135,1.032557259754728,0.2307568605950656
0,-0.08,2.5,135,1.0567355838257426,0.24255441131263586
0,-0.08,2.6,135,1.0949899452537972,0.24227468446815464
0,-0.08,2.7,135,1.137638865162526,0.24402908867653753
0,-0.08,2.8000000000000003,135,1.1752485622526336,0.2662721199482031
0,-0.08,2.9000000000000004,135,1.196834731113535,0.2952227428270485
0,-0.08,3.0,135,1.2195886029527385,0.31684698866847777
0,-0.08,3.1,135,1.2322643425860136,0.3458267997573898
0,-0.08,3.2,135,1.2423481377548409,0.36827178454405735
0,-0.08,3.3000000000000003,135,1.2561679878085763,0.3844313425364216
0,-0.08,3.4000000000000004,135,1.265081378379182,0.3915169197430544
0,-0.08,3.5,135,1.2744625396915374,0.40169740096081086
0,-0.08,3.6,135,1.275907886655676,0.403609834742964
0,-0.08,3.7,135,1.2762853341668814,0.4192106475846946
0,-0.08,3.8000000000000003,135,1.2808412926540367,0.43776521943413566
0,-0.08,3.9000000000000004,135,1.2822033910641695,0.48450727723538056
0,-0.08,4.0,135,1.292108753505109,0.490272814033851
0,-0.08,4.1000000000000005,135,1.2940788086666537,0.5070320200403088
0,-0.08,4.2,135,1.2956736485618623,0.5127007234993587
0,-0.08,4.3,135,1.296856776133879,0.5295100284149628
0,-0.08,4.4,135,1.302996338262856,0.5479095990233933
0,-0.08,4.5,135,1.3094865954423474,0.5723868726530519
0,-0.08,4.6000000000000005,135,1.3129462209295517,0.588792582341905
0,-0.08,4.7,135,1.3302767359663799,0.6141073249463118
0,-0.08,4.800000000000001,135,1.3339625473816596,0.6354197675678123
0,-0.08,4.9,135,1.3344957555844355,0.6583629445319789
0,-0.08,5.0,134,1.3445211493188782,0.6854722782794272
0,-0.08,5.1000000000000005,134,1.3485886600623744,0.6880087065773254
0,-0.08,5.2,134,1.3501471171599353,0.7054024512849425
0,-0.08,5.300000000000001,134,1.357374480823776,0.7331725725251659
0,-0.08,5.4,134,1.3596010220979167,0.7601984084499719
0,-0.08,5.5,134,1.3639386874397517,0.7528029810510771
0,-0.08,5.6000000000000005,134,1.3654859967646866,0.7568056907097
0,-0.08,5.7,134,1.3656190892639737,0.7559623765721384
0,-0.08,5.800000000000001,134,1.3689128258715524,0.7685846830067223
0,-0.08,5.9,134,1.3690223698945567,0.788199221713536
0,-0.08,6.0,134,1.370807274214699,0.7582008641940201
0,-0.085,0.0,135,0.6358265944163032,0.06505809448540555
0,-0.085,0.1,135,0.6563593110928567,0.09005751435365496
0,-0.085,0.2,135,0.6661844859299941,0.09716021670150288
0,-0.085,0.30000000000000004,135,0.6755587650237854,0.11247647424767046
0,-0.085,0.4,135,0.702301847888983,0.11336684865122998
0,-0.085,0.5,135,0.7112484593837342,0.1304020720794481
0,-0.085,0.6000000000000001,135,0.7267111010174498,0.1337765716920811
0,-0.085,0.7000000000000001,135,0.7681248601359997,0.14316741224712898
0,-0.085,0.8,135,0.7843492379487047,0.14419947684204892
0,-0.085,0.9,135,0.8016679772044913,0.15828186070810096
0,-0.085,1.0,135,0.7998973560775,0.14994572724856706
0,-0.085,1.1,135,0.8311523180344709,0.17099791845088633
0,-0.085,1.2000000000000002,135,0.8411499364222064,0.16643783145867724
0,-0.085,1.3,135,0.8574301976341776,0.17941430680152406
0,-0.085,1.4000000000000001,135,0.8614946400802974,0.17291406103420526
0,-0.085,1.5,135,0.8716984914985961,0.17958541164104405
0,-0.085,1.6,135,0.8899623371019113,0.17756844964160637
0,-0.085,1.7000000000000002,135,0.917234099932123,0.17523832161413264
0,-0.085,1.8,135,0.9182673504493752,0.17695171750489408
0,-0.085,1.9000000000000001,135,0.9376653784213665,0.1803321243257777
0,-0.085,2.0,135,0.9571916134295281,0.1918518936146186
0,-0.085,2.1,135,0.9614800291677488,0.19118108831761282
0,-0.085,2.2,135,0.9736871738945498,0.20609743957493573
0,-0.085,2.3000000000000003,135,0.9827424989543465,0.20573243517602877
0,-0.085,2.4000000000000004,135,1.0067346326769897,0.22441563466210393
0,-0.085,2.5,135,1.032388590136343,0.2333780149457928
0,-0.085,2.6,135,1.0438313173526401,0.23505548419865624
0,-0.085,2.7,135,1.0688642705477855,0.23667268862867097
0,-0.085,2.8000000000000003,135,1.1036519123717887,0.24206324263493986
0,-0.085,2.9000000000000004,135,1.1579481746495361,0.25312303295642313
0,-0.085,3.0,135,1.1911327510335143,0.2725626603814073
0,-0.085,3.1,135,1.2048527685838673,0.3032217129357913
0,-0.085,3.2,135,1.2284923347621766,0.32463871982913634
0,-0.085,3.3000000000000003,135,1.2333097650473348,0.34639588224996476
0,-0.085,3.4000000000000004,135,1.253246833820901,0.377250560980559
0,-0.085,3.5,135,1.2607048076941116,0.3867528379732867
0,-0.085,3.6,135,1.2727719841625547,0.3927983865642766
0,-0.085,3.7,135,1.275008987778969,0.3982953824587298
0,-0.085,3.8000000000000003,135,1.275907886655676,0.4079850117409138
0,-0.085,3.9000000000000004,135,1.2769286090206824,0.4194430990407185
0,-0.085,4.0,135,1.278108630683735,0.4432893421599553
0,-0.085,4.1000000000000005,135,1.2914411387658153,0.4728506401590607
0,-0.085,4.2,135,1.2916232155128955,0.49150688962341105
0,-0.085,4.3,135,1.292108753505109,0.5058768664653281
0,-0.085,4.4,135,1.2941141943708292,0.5025156851521653
0,-0.085,4.5,135,1.3018132106908396,0.5241064261141543
0,-0.085,4.6000000000000005,135,1.307963154790366,0.5531650685598989
0,-0.085,4.7,135,1.3090139066029312,0.5697459597342636
0,-0.085,4.800000000000001,135,1.3263626970564688,0.5994934131399462
0,-0.085,4.9,135,1.3302353416308679,0.5971946503372314
0,-0.085,5.0,135,1.3339625473816596,0.6255389426534613
0,-0.085,5.1000000000000005,135,1.3344693699937453,0.6437463007090688
0,-0.085,5.2,135,1.334638893891825,0.6497814201273447
0,-0.085,5.300000000000001,134,1.3485667109842359,0.6750079557531663
0,-0.085,5.4,134,1.3570671937298342,0.6994902548601768
0,-0.085,5.5,134,1.3572427863549437,0.7149043223765236
0,-0.085,5.6000000000000005,134,1.357374480823776,0.7398033613654462
0,-0.085,5.7,134,1.363489128007995,0.73761377417508
0,-0.085,5.800000000000001,134,1.363489128007995,0.7418172042114423
0,-0.085,5.9,134,1.3654859967646866,0.7496312183927231
0,-0.085,6.0,134,1.3654859967646866,0.7602825865114131
0,-0.09,0.0,135,0.6358265944163032,0.06505809448540555
0,-0.09,0.1,135,0.6563141439745188,0.08951550893360075
0,-0.09,0.2,135,0.6626641338947906,0.09628012869270199
0,-0.09,0.30000000000000004,135,0.6755587650237854,0.11281268766851854
0,-0.09,0.4,135,0.7002805254017703,0.11319164226810605
0,-0.09,0.5,135,0.7061714958954232,0.12991558691920255
0,-0.09,0.6000000000000001,135,0.72479104821427,0.1351392374271332
0,-0.09,0.7000000000000001,135,0.7561104066581315,0.1359166165071962
0,-0.09,0.8,135,0.781924604792416,0.14204016599992636
0,-0.09,0.9,135,0.7967367030632415,0.15209704413617037
0,-0.09,1.0,135,0.802843735190846,0.15603288366894394
0,-0.09,1.1,135,0.826311203848793,0.16948256677571538
0,-0.09,1.2000000000000002,135,0.8374494142192623,0.16807100224857158
0,-0.09,1.3,135,0.8456260109667844,0.1723558462354275
0,-0.09,1.4000000000000001,135,0.8575441577481376,0.1750305201984091
0,-0.09,1.5,135,0.8691249179250226,0.17139576195915854
0,-0.09,1.6,135,0.8835402581471747,0.18028263096748423
0,-0.09,1.7000000000000002,135,0.9040023703527436,0.17410846934373322
0,-0.09,1.8,135,0.9093764931931065,0.1687003960094694
0,-0.09,1.9000000000000001,135,0.9185301622750972,0.1747543320100778
0,-0.09,2.0,135,0.9376653784213665,0.17494278672490937
0,-0.09,2.1,135,0.9469559272442258,0.18638414455729987
0,-0.09,2.2,135,0.9623301290082936,0.19444132781062787
0,-0.09,2.3000000000000003,135,0.9770872953274582,0.20467130249023832
0,-0.09,2.4000000000000004,135,0.9827424989543465,0.20839915349825616
0,-0.09,2.5,135,1.0014704947331134,0.22378587028655725
0,-0.09,2.6,135,1.0289423300061449,0.23039770355336045
0,-0.09,2.7,135,1.0365075908018606,0.23095919617366337
0,-0.09,2.8000000000000003,135,1.0600404271305859,0.23508371037632908
0,-0.09,2.9000000000000004,135,1.0954586466621228,0.23788697803307163
0,-0.09,3.0,135,1.134798397645829,0.2491950470056139
0,-0.09,3.1,135,1.1843702544323458,0.2671545869335611
0,-0.09,3.2,135,1.1996183142156782,0.2946053552968551
0,-0.09,3.3000000000000003,135,1.2267278460209436,0.3199064687341073
0,-0.09,3.4000000000000004,135,1.2317501277426808,0.3323831655950942
0,-0.09,3.5,135,1.240181077077142,0.36294370854098373
0,-0.09,3.6,135,1.2554133053885856,0.3811322765976513
0,-0.09,3.7,135,1.2669077333287162,0.39395628971846613
0,-0.09,3.8000000000000003,135,1.275008987778969,0.3949360786712188
0,-0.09,3.9000000000000004,135,1.2758471944066494,0.3972315092663355
0,-0.09,4.0,135,1.275907886655676,0.40099330410231787
0,-0.09,4.1000000000000005,135,1.2769286090206824,0.42204858071077844
0,-0.09,4.2,135,1.278108630683735,0.44252506477586484
0,-0.09,4.3,135,1.2914411387658153,0.4702118562091706
0,-0.09,4.4,135,1.2916232155128955,0.49497174786396797
0,-0.09,4.5,135,1.2921441392092847,0.5008529866203161
0,-0.09,4.6000000000000005,135,1.2941141943708292,0.5015465031251997
0,-0.09,4.7,135,1.3018132106908396,0.5223425439982109
0,-0.09,4.800000000000001,135,1.3087524686944343,0.5531747436452525
0,-0.09,4.9,135,1.32426058212889,0.5627028401391545
0,-0.09,5.0,135,1.328389987504812,0.5858513621148994
0,-0.09,5.1000000000000005,135,1.3302353416308679,0.5877435543796313
0,-0.09,5.2,135,1.3339625473816596,0.6122526752239857
0,-0.09,5.300000000000001,135,1.3344693699937453,0.6397247770402491
0,-0.09,5.4,135,1.3346125083011349,0.6350187890862621
0,-0.09,5.5,135,1.3456975971161882,0.6665836312610485
0,-0.09,5.6000000000000005,134,1.357045244651695,0.68666131526326
0,-0.09,5.7,134,1.3570671937298342,0.7066982390916697
0,-0.09,5.800000000000001,134,1.3572427863549437,0.7233184662484516
0,-0.09,5.9,134,1.357374480823776,0.7211166298165661
0,-0.09,6.0,134,1.363489128007995,0.732660428132508
0,-0.095,0.0,135,0.6358265944163032,0.06505809448540555
0,-0.095,0.1,135,0.6563141439745188,0.08689378669250739
0,-0.095,0.2,135,0.6625745281600237,0.09566698238063094
0,-0.095,0.30000000000000004,135,0.6755587650237854,0.10730538305408986
0,-0.095,0.4,135,0.6844395032144396,0.11330137170988758
0,-0.095,0.5,135,0.7061714958954232,0.12349579110635724
0,-0.095,0.6000000000000001,135,0.7240683743208643,0.1371221089940094
0,-0.095,0.7000000000000001,135,0.7546275662430992,0.13540873734609324
0,-0.095,0.8,135,0.7693331606350803,0.13823696002207633
0,-0.095,0.9,135,0.7844631980626648,0.1518155109322276
0,-0.095,1.0,135,0.8016679772044913,0.15400205379204435
0,-0.095,1.1,135,0.8051301117689713,0.14691137709662147
0,-0.095,1.2000000000000002,135,0.8311029353184215,0.1665419040915424
0,-0.095,1.3,135,0.8390908283606766,0.17039636578824288
0,-0.095,1.4000000000000001,135,0.8574301976341776,0.17305925826428203
0,-0.095,1.5,135,0.8581367503407302,0.16718537597469313
0,-0.095,1.6,135,0.8691249179250226,0.17324752809254557
0,-0.095,1.7000000000000002,135,0.8914094271278807,0.18125298729271674
0,-0.095,1.8,135,0.9085928413339059,0.17835717013380156
0,-0.095,1.9000000000000001,135,0.9093764931931065,0.1675584119063654
0,-0.095,2.0,135,0.9243122183366995,0.17893817738519052
0,-0.095,2.1,135,0.937557612334219,0.17817924094049592
0,-0.095,2.2,135,0.9427517230400214,0.18487950084838614
0,-0.095,2.3000000000000003,135,0.9623301290082936,0.19146663584840565
0,-0.095,2.4000000000000004,135,0.9715400894837783,0.19872501818159025
0,-0.095,2.5,135,0.9820912983031458,0.20908286735679
0,-0.095,2.6,135,0.9957275312656758,0.2235569300096296
0,-0.095,2.7,135,1.0253617447121575,0.23225311943366655
0,-0.095,2.8000000000000003,135,1.033695033060638,0.2270551504997341
0,-0.095,2.9000000000000004,135,1.0567355838257426,0.22943603878114913
0,-0.095,3.0,135,1.0797030932486746,0.23736803233129883
0,-0.095,3.1,135,1.104634802634533,0.24515863723228717
0,-0.095,3.2,135,1.1769006805557123,0.26128139854690996
0,-0.095,3.3000000000000003,135,1.189357475466742,0.2762298457517007
0,-0.095,3.4000000000000004,135,1.2223095838707227,0.31124076235028747
0,-0.095,3.5,135,1.2306311253638145,0.3170425282503761
0,-0.095,3.6,135,1.2324101937492815,0.35609107638132426
0,-0.095,3.7,135,1.2481718928681718,0.36052412272528545
0,-0.095,3.8000000000000003,135,1.2656763365706252,0.38852422404478487
0,-0.095,3.9000000000000004,135,1.2691447369451305,0.3954046725344448
0,-0.095,4.0,135,1.2758471944066494,0.3956572321347735
0,-0.095,4.1000000000000005,135,1.2758471944066494,0.3995978557799421
0,-0.095,4.2,135,1.2765511615094771,0.41609811792881674
0,-0.095,4.3,135,1.278108630683735,0.4245984916016988
0,-0.095,4.4,135,1.2875284551324613,0.4451242655593854
0,-0.095,4.5,135,1.2914411387658153,0.46725587479769237
0,-0.095,4.6000000000000005,135,1.2916232155128955,0.49172613944542826
0,-0.095,4.7,135,1.2921441392092847,0.4965574398538605
0,-0.095,4.800000000000001,135,1.3002537564998065,0.49903520236709864
0,-0.095,4.9,135,1.3075693411224178,0.5225427012132288
0,-0.095,5.0,135,1.3209269610374148,0.5484543728103923
0,-0.095,5.1000000000000005,135,1.3245529797897087,0.5709484843732381
0,-0.095,5.2,135,1.3281920829152092,0.5854732268714999
0,-0.095,5.300000000000001,135,1.3302353416308679,0.5908567495363755
0,-0.095,5.4,135,1.3344279756582333,0.5963867182385562
0,-0.095,5.5,135,1.3344693699937453,0.623476102753899
0,-0.095,5.6000000000000005,135,1.3346125083011349,0.6297183458849428
0,-0.095,5.7,135,1.3456712115254983,0.6547502114032258
0,-0.095,5.800000000000001,135,1.3458535425352913,0.6748979978239513
0,-0.095,5.9,135,1.3470702181481025,0.6882222669799168
0,-0.095,6.0,134,1.3570671937298342,0.703337628653089
0,-0.1,0.0,135,0.6358265944163032,0.06505809448540555
0,-0.1,0.1,135,0.6563141439745188,0.08675787096026139
0,-0.1,0.2,135,0.660519759395633,0.09317664849959685
0,-0.1,0.30000000000000004,135,0.6622487873832639,0.10268507204110816
0,-0.1,0.4,135,0.678390537463401,0.1119198101597302
0,-0.1,0.5,135,0.7061714958954232,0.1210260180987349
0,-0.1,0.6000000000000001,135,0.7118712078152257,0.1380949817874213
0,-0.1,0.7000000000000001,135,0.7458214269586723,0.13387790874606167
0,-0.1,0.8,135,0.7693331606350803,0.13872178059069804
0,-0.1,0.9,135,0.7826035978767049,0.14755293183894264
0,-0.1,1.0,135,0.8016224398638719,0.15414698807013663
0,-0.1,1.1,135,0.8074619282574568,0.15553142187628038
0,-0.1,1.2000000000000002,135,0.8286126029996917,0.16831134502902684
0,-0.1,1.3,135,0.835438377143225,0.1667416838482991
0,-0.1,1.4000000000000001,135,0.8420919260262821,0.16692688325377344
0,-0.1,1.5,135,0.8574301976341776,0.16556663530137453
0,-0.1,1.6,135,0.8644666523910545,0.1660757324212746
0,-0.1,1.7000000000000002,135,0.8691249179250226,0.1724520639821474
0,-0.1,1.8,135,0.8972443589372239,0.1808233585685707
0,-0.1,1.9000000000000001,135,0.9127465816014674,0.1802278846077058
0,-0.1,2.0,135,0.9164475253085078,0.17207450935316956
0,-0.1,2.1,135,0.9296918479663292,0.1773179906169413
0,-0.1,2.2,135,0.9378524932023483,0.17749237411958657
0,-0.1,2.3000000000000003,135,0.9427517230400214,0.1832213985401052
0,-0.1,2.4000000000000004,135,0.9703491139996435,0.1985806325744602
0,-0.1,2.5,135,0.9715400894837783,0.19808713025086877
0,-0.1,2.6,135,0.9820302482420956,0.20951496983639067
0,-0.1,2.7,135,0.9923027585075699,0.22193658409045008
0,-0.1,2.8000000000000003,135,1.0157124702630271,0.22696584571675862
0,-0.1,2.9000000000000004,135,1.0328698555515226,0.2270121736890994
0,-0.1,3.0,135,1.0365075908018606,0.22069956212102615
0,-0.1,3.1,135,1.0738911240594473,0.23385846975378222
0,-0.1,3.2,135,1.0991462573970339,0.24408177118908256
0,-0.1,3.3000000000000003,135,1.1369598188319059,0.25100345542438124
0,-0.1,3.4000000000000004,135,1.186670647073236,0.26047839510224774
0,-0.1,3.5,135,1.2100248885212666,0.2868879935657373
0,-0.1,3.6,135,1.2231168712759481,0.31551243121763795
0,-0.1,3.7,135,1.2319767816137417,0.3291100350689824
0,-0.1,3.8000000000000003,135,1.2372271811991193,0.35951529106671004
0,-0.1,3.9000000000000004,135,1.2597617459968045,0.37627801336535255
0,-0.1,4.0,135,1.2662227846580567,0.39308417206411256
0,-0.1,4.1000000000000005,135,1.2735781705990004,0.4003009476783481
0,-0.1,4.2,135,1.2758471944066494,0.3959823956751219
0,-0.1,4.3,135,1.2764904692604504,0.39257718002936337
0,-0.1,4.4,135,1.2765511615094771,0.4168592454130909
0,-0.1,4.5,135,1.278108630683735,0.4249541532084129
0,-0.1,4.6000000000000005,135,1.2875284551324613,0.43354459584426586
0,-0.1,4.7,135,1.2914411387658153,0.4645906483651508
0,-0.1,4.800000000000001,135,1.291658601217071,0.4855222754039581
0,-0.1,4.9,135,1.2921441392092847,0.4896475443871849
0,-0.1,5.0,135,1.299467026274639,0.49836200986465007
0,-0.1,5.1000000000000005,135,1.3075693411224178,0.5159299490051544
0,-0.1,5.2,135,1.3209269610374148,0.5610940039230219
0,-0.1,5.300000000000001,135,1.326580270238052,0.5711201385924777
0,-0.1,5.4,135,1.3281920829152092,0.570227745469404
0,-0.1,5.5,135,1.3281920829152092,0.5916907457323717
0,-0.1,5.6000000000000005,135,1.3344279756582333,0.5905198980816105
0,-0.1,5.7,135,1.3344279756582333,0.6092921522181438
0,-0.1,5.800000000000001,135,1.341512478676198,0.6303026980202321
0,-0.1,5.9,135,1.3456712115254983,0.6495856326956702
0,-0.1,6.0,135,1.3458271569446014,0.6625252441339788
