2018,-0.0,0.0,5,0.2666472162886831,0.05486441468408733
2018,-0.0,0.1,5,0.052918383216405386,-0.04298070013582513
2018,-0.0,0.2,5,-0.17324285543815948,-0.23244955800910178
2018,-0.0,0.30000000000000004,5,-0.17324285543815948,-0.17783863567630448
2018,-0.0,0.4,5,0.3604073288009596,0.3523856032943793
2018,-0.0,0.5,5,0.48425951853210447,0.40417779539384824
2018,-0.0,0.6000000000000001,5,0.5270838343875464,0.48887702874465744
2018,-0.0,0.7000000000000001,5,0.5270838343875464,0.5106443151453259
2018,-0.0,0.8,5,0.5832359129336087,0.5657518981827188
2018,-0.0,0.9,5,0.5832359129336087,0.5657518981827188
2018,-0.0,1.0,5,0.19987861602490983,0.19549173488849866
2018,-0.0,1.1,5,0.2907915050994868,0.21161874554235283
2018,-0.0,1.2000000000000002,5,0.2907915050994868,0.23008542613562638
2018,-0.0,1.3,5,0.3159429569482439,0.24713159283710953
2018,-0.0,1.4000000000000001,5,0.3159429569482439,0.27211592540447943
2018,-0.0,1.5,5,0.3159429569482439,0.2867806423461966
2018,-0.0,1.6,5,0.3159429569482439,0.3159429569482439
2018,-0.0,1.7000000000000002,5,-0.21420118343195255,-0.21420118343195255
2018,-0.0,1.8,5,-0.21420118343195255,-0.21420118343195255
2018,-0.0,1.9000000000000001,5,-0.21420118343195255,-0.21420118343195255
2018,-0.0,2.0,5,-0.21420118343195255,-0.21420118343195255
2018,-0.0,2.1,5,-0.21420118343195255,-0.21420118343195255
2018,-0.0,2.2,5,-0.21420118343195255,-0.21420118343195255
2018,-0.0,2.3000000000000003,5,-0.21420118343195255,-0.21420118343195255
2018,-0.0,2.4000000000000004,5,-0.21420118343195255,-0.21420118343195255
2018,-0.0,2.5,5,-0.21420118343195255,-0.21420118343195255
2018,-0.0,2.6,5,-0.21420118343195255,-0.21420118343195255
2018,-0.0,2.7,5,-0.21420118343195255,-0.21420118343195255
2018,-0.0,2.8000000000000003,5,-0.21420118343195255,-0.21420118343195255
2018,-0.0,2.9000000000000004,5,-0.21420118343195255,-0.21420118343195255
2018,-0.0,3.0,5,-1.0,-1.0
2018,-0.0,3.1,5,-1.0,-1.0
2018,-0.0,3.2,5,-1.0,-1.0
2018,-0.0,3.3000000000000003,5,-1.0,-1.0
2018,-0.0,3.4000000000000004,5,-1.0,-1.0
2018,-0.0,3.5,5,-1.0,-1.0
2018,-0.0,3.6,5,-1.0,-1.0
2018,-0.0,3.7,5,-1.0,-1.0
2018,-0.0,3.8000000000000003,5,-1.0,-1.0
2018,-0.0,3.9000000000000004,5,-1.0,-1.0
2018,-0.0,4.0,5,-1.0,-1.0
2018,-0.0,4.1000000000000005,5,-1.0,-1.0
2018,-0.0,4.2,5,-1.0,-1.0
2018,-0.0,4.3,5,-1.0,-1.0
2018,-0.0,4.4,5,-1.0,-1.0
2018,-0.0,4.5,5,-1.0,-1.0
2018,-0.0,4.6000000000000005,5,-1.0,-1.0
2018,-0.0,4.7,5,-1.0,-1.0
2018,-0.0,4.800000000000001,5,-1.0,-1.0
2018,-0.0,4.9,5,-1.0,-1.0
2018,-0.0,5.0,5,-1.0,-1.0
2018,-0.0,5.1000000000000005,5,-1.0,-1.0
2018,-0.0,5.2,5,-1.0,-1.0
2018,-0.0,5.300000000000001,5,-1.0,-1.0
2018,-0.0,5.4,5,-1.0,-1.0
2018,-0.0,5.5,5,-1.0,-1.0
2018,-0.0,5.6000000000000005,5,-1.0,-1.0
2018,-0.0,5.7,5,-1.0,-1.0
2018,-0.0,5.800000000000001,5,-1.0,-1.0
2018,-0.0,5.9,5,-1.0,-1.0
2018,-0.0,6.0,5,-1.0,-1.0
2018,-0.005,0.0,5,0.2666472162886831,0.05486441468408733
2018,-0.005,0.1,5,0.2708116583602261,0.07628708517893704
2018,-0.005,0.2,5,0.052918383216405386,-0.10924250871538717
2018,-0.005,0.30000000000000004,5,0.052918383216405386,-0.053275180981817584
2018,-0.005,0.4,5,0.569935983054655,0.4647762519229627
2018,-0.005,0.5,5,0.5924414985820594,0.4438687643345026
2018,-0.005,0.6000000000000001,5,0.5924414985820594,0.46936915464011203
2018,-0.005,0.7000000000000001,5,0.5924414985820594,0.47868085719455883
2018,-0.005,0.8,5,0.5924414985820594,0.47047157977688636
2018,-0.005,0.9,5,0.6049754446860911,0.43863535667264564
2018,-0.005,1.0,5,0.6049754446860911,0.45451168840441925
2018,-0.005,1.1,5,0.6049754446860911,0.4697613228309912
2018,-0.005,1.2000000000000002,5,0.6193894827057276,0.4952887930628692
2018,-0.005,1.3,5,0.6193894827057276,0.4843842599523616
2018,-0.005,1.4000000000000001,5,0.6258653548594774,0.49470387557801443
2018,-0.005,1.5,5,0.6622137985611696,0.4914032697706194
2018,-0.005,1.6,5,0.6622137985611696,0.5066111243768445
2018,-0.005,1.7000000000000002,5,0.6622137985611696,0.5213176211389084
2018,-0.005,1.8,5,0.6622137985611696,0.5378624299962304
2018,-0.005,1.9000000000000001,5,0.6622137985611696,0.54822382544223
2018,-0.005,2.0,5,0.7183658771072317,0.5266654381432954
2018,-0.005,2.1,5,0.7183658771072317,0.5929700130336234
2018,-0.005,2.2,5,0.7183658771072317,0.5929700130336234
2018,-0.005,2.3000000000000003,5,0.7183658771072317,0.5929700130336234
2018,-0.005,2.4000000000000004,5,0.7183658771072317,0.5880399942327041
2018,-0.005,2.5,5,0.7183658771072317,0.6042923443475988
2018,-0.005,2.6,5,0.7183658771072317,0.525286704071852
2018,-0.005,2.7,5,0.7183658771072317,0.539199384247327
2018,-0.005,2.8000000000000003,5,0.7183658771072317,0.556496229870891
2018,-0.005,2.9000000000000004,5,0.7183658771072317,0.5497182180126046
2018,-0.005,3.0,5,0.486331707326132,0.44948190578027863
2018,-0.005,3.1,5,0.486331707326132,0.45904948463968953
2018,-0.005,3.2,5,0.5165385174368485,0.462809668470899
2018,-0.005,3.3000000000000003,5,0.5165385174368485,0.4735888621203664
2018,-0.005,3.4000000000000004,5,0.5772445964007089,0.48407559702740627
2018,-0.005,3.5,5,0.6741488020081856,0.5009115205243801
2018,-0.005,3.6,5,0.6741488020081856,0.5122338518383555
2018,-0.005,3.7,5,0.6993002538569428,0.5364243678191368
2018,-0.005,3.8000000000000003,5,0.6993002538569428,0.5898055371945585
2018,-0.005,3.9000000000000004,5,0.6993002538569428,0.5898055371945585
2018,-0.005,4.0,5,0.6993002538569428,0.6701178894089566
2018,-0.005,4.1000000000000005,5,0.6993002538569428,0.6826518355129882
2018,-0.005,4.2,5,0.6993002538569428,0.6975254515564394
2018,-0.005,4.3,5,0.3226695080240741,0.297183817612543
2018,-0.005,4.4,5,0.3226695080240741,0.3077123323399297
2018,-0.005,4.5,5,0.3226695080240741,0.3226695080240741
2018,-0.005,4.6000000000000005,5,-0.21420118343195255,-0.21420118343195255
2018,-0.005,4.7,5,-0.21420118343195255,-0.21420118343195255
2018,-0.005,4.800000000000001,5,-0.21420118343195255,-0.21420118343195255
2018,-0.005,4.9,5,-0.21420118343195255,-0.21420118343195255
2018,-0.005,5.0,5,-0.21420118343195255,-0.21420118343195255
2018,-0.005,5.1000000000000005,5,-0.21420118343195255,-0.21420118343195255
2018,-0.005,5.2,5,-0.21420118343195255,-0.21420118343195255
2018,-0.005,5.300000000000001,5,-0.21420118343195255,-0.21420118343195255
2018,-0.005,5.4,5,-0.21420118343195255,-0.21420118343195255
2018,-0.005,5.5,5,-0.21420118343195255,-0.21420118343195255
2018,-0.005,5.6000000000000005,5,-0.21420118343195255,-0.21420118343195255
2018,-0.005,5.7,5,-0.21420118343195255,-0.21420118343195255
2018,-0.005,5.800000000000001,5,-0.21420118343195255,-0.21420118343195255
2018,-0.005,5.9,5,-0.21420118343195255,-0.21420118343195255
2018,-0.005,6.0,5,-0.21420118343195255,-0.21420118343195255
2018,-0.01,0.0,5,0.2666472162886831,0.05486441468408733
2018,-0.01,0.1,5,0.2666472162886831,0.07030737348646507
2018,-0.01,0.2,5,0.2708116583602261,0.0955225598004933
2018,-0.01,0.30000000000000004,5,0.052918383216405386,-0.0748303338579277
2018,-0.01,0.4,5,0.052918383216405386,-0.05354486492628765
2018,-0.01,0.5,5,0.565344418719364,0.47176387668664066
2018,-0.01,0.6000000000000001,5,0.565344418719364,0.44725132372436105
2018,-0.01,0.7000000000000001,5,0.5911601317908155,0.41651589739230027
2018,-0.01,0.8,5,0.5924414985820594,0.4223277759997274
2018,-0.01,0.9,5,0.5924414985820594,0.43787955013083585
2018,-0.01,1.0,5,0.5924414985820594,0.45911822031016014
2018,-0.01,1.1,5,0.5924414985820594,0.4846605688870308
2018,-0.01,1.2000000000000002,5,0.5924414985820594,0.48990564277742027
2018,-0.01,1.3,5,0.5924414985820594,0.5028295933549933
2018,-0.01,1.4000000000000001,5,0.5924414985820594,0.45913758223437845
2018,-0.01,1.5,5,0.6049754446860911,0.43612856745183937
2018,-0.01,1.6,5,0.6049754446860911,0.43863535667264564
2018,-0.01,1.7000000000000002,5,0.6049754446860911,0.45451168840441925
2018,-0.01,1.8,5,0.6049754446860911,0.4697613228309912
2018,-0.01,1.9000000000000001,5,0.6049754446860911,0.4751926994760717
2018,-0.01,2.0,5,0.6193894827057276,0.4952887930628692
2018,-0.01,2.1,5,0.6193894827057276,0.4790364429479747
2018,-0.01,2.2,5,0.6193894827057276,0.4863896913290067
2018,-0.01,2.3000000000000003,5,0.6258653548594774,0.49470387557801443
2018,-0.01,2.4000000000000004,5,0.6277454467750821,0.5097028310825057
2018,-0.01,2.5,5,0.6622137985611696,0.4914032697706194
2018,-0.01,2.6,5,0.6622137985611696,0.5039372158746511
2018,-0.01,2.7,5,0.6622137985611696,0.5160951435955619
2018,-0.01,2.8000000000000003,5,0.6622137985611696,0.5276681538316179
2018,-0.01,2.9000000000000004,5,0.6622137985611696,0.5378624299962304
2018,-0.01,3.0,5,0.6622137985611696,0.5484327245439637
2018,-0.01,3.1,5,0.6622137985611696,0.5426253295157625
2018,-0.01,3.2,5,0.7026566646568453,0.5433773662820044
2018,-0.01,3.3000000000000003,5,0.7026566646568453,0.5307598605372791
2018,-0.01,3.4000000000000004,5,0.7183658771072317,0.5354392004161176
2018,-0.01,3.5,5,0.7183658771072317,0.5929700130336234
2018,-0.01,3.6,5,0.7183658771072317,0.5929700130336234
2018,-0.01,3.7,5,0.7183658771072317,0.5929700130336234
2018,-0.01,3.8000000000000003,5,0.7183658771072317,0.5840709112997609
2018,-0.01,3.9000000000000004,5,0.7183658771072317,0.5923433157284218
2018,-0.01,4.0,5,0.7183658771072317,0.6086792254840099
2018,-0.01,4.1000000000000005,5,0.7183658771072317,0.500093472402748
2018,-0.01,4.2,5,0.7183658771072317,0.5326817322732306
2018,-0.01,4.3,5,0.7183658771072317,0.5326817322732306
2018,-0.01,4.4,5,0.7183658771072317,0.5437116048447785
2018,-0.01,4.5,5,0.7183658771072317,0.532974191015658
2018,-0.01,4.6000000000000005,5,0.7183658771072317,0.5234483919765938
2018,-0.01,4.7,5,0.7183658771072317,0.539199384247327
2018,-0.01,4.800000000000001,5,0.7183658771072317,0.5458841555028108
2018,-0.01,4.9,5,0.7183658771072317,0.5455499169400365
2018,-0.01,5.0,5,0.7183658771072317,0.5478060272387623
2018,-0.01,5.1000000000000005,5,0.7183658771072317,0.5639330378926164
2018,-0.01,5.2,5,0.7183658771072317,0.5740855342368822
2018,-0.01,5.300000000000001,5,0.7183658771072317,0.5813970027975673
2018,-0.01,5.4,5,0.7485726872179482,0.5851571866287769
2018,-0.01,5.5,5,0.7485726872179482,0.5925939946505024
2018,-0.01,5.6000000000000005,5,0.7485726872179482,0.5965630775834458
2018,-0.01,5.7,5,0.7656188539194314,0.60052247955428
2018,-0.01,5.800000000000001,5,0.8092787661818086,0.6021518925478041
2018,-0.01,5.9,5,0.5772445964007089,0.498071836843575
2018,-0.01,6.0,5,0.5772445964007089,0.5093941681575503
2018,-0.015,0.0,5,0.2666472162886831,0.05486441468408733
2018,-0.015,0.1,5,0.2666472162886831,0.07030737348646507
2018,-0.015,0.2,5,0.2708116583602261,0.10123571195284402
2018,-0.015,0.30000000000000004,5,0.2708116583602261,0.13847345502229785
2018,-0.015,0.4,5,0.052918383216405386,-0.0684380213448715
2018,-0.015,0.5,5,0.565344418719364,0.46159641277192504
2018,-0.015,0.6000000000000001,5,0.565344418719364,0.4653570427304207
2018,-0.015,0.7000000000000001,5,0.565344418719364,0.4731843905784309
2018,-0.015,0.8,5,0.565344418719364,0.44677381138364386
2018,-0.015,0.9,5,0.5865685674555244,0.40334073253990316
2018,-0.015,1.0,5,0.5911601317908155,0.4113439883768374
2018,-0.015,1.1,5,0.5911601317908155,0.4115948457498325
2018,-0.015,1.2000000000000002,5,0.5924414985820594,0.4312686575539367
2018,-0.015,1.3,5,0.5924414985820594,0.44870052360064994
2018,-0.015,1.4000000000000001,5,0.5924414985820594,0.4569964166309261
2018,-0.015,1.5,5,0.5924414985820594,0.4769723681395669
2018,-0.015,1.6,5,0.5924414985820594,0.4906535528662654
2018,-0.015,1.7000000000000002,5,0.5924414985820594,0.502068946332129
2018,-0.015,1.8,5,0.5924414985820594,0.4919568914263516
2018,-0.015,1.9000000000000001,5,0.5924414985820594,0.43936604624824593
2018,-0.015,2.0,5,0.5924414985820594,0.4470580167712777
2018,-0.015,2.1,5,0.6049754446860911,0.43550187014663777
2018,-0.015,2.2,5,0.6049754446860911,0.43612856745183937
2018,-0.015,2.3000000000000003,5,0.6049754446860911,0.43863535667264564
2018,-0.015,2.4000000000000004,5,0.6049754446860911,0.45451168840441925
2018,-0.015,2.5,5,0.6049754446860911,0.45367609199748377
2018,-0.015,2.6,5,0.6049754446860911,0.4697613228309912
2018,-0.015,2.7,5,0.6193894827057276,0.4733126075604669
2018,-0.015,2.8000000000000003,5,0.6193894827057276,0.4952887930628692
2018,-0.015,2.9000000000000004,5,0.6193894827057276,0.4890635998312002
2018,-0.015,3.0,5,0.6193894827057276,0.48254594785710364
2018,-0.015,3.1,5,0.6193894827057276,0.4863896913290067
2018,-0.015,3.2,5,0.6258653548594774,0.49470387557801443
2018,-0.015,3.3000000000000003,5,0.6275365476733483,0.506903583119272
2018,-0.015,3.4000000000000004,5,0.653857834491815,0.49553947198494985
2018,-0.015,3.5,5,0.6622137985611696,0.48576299402380513
2018,-0.015,3.6,5,0.6622137985611696,0.5039372158746511
2018,-0.015,3.7,5,0.6622137985611696,0.511499363357417
2018,-0.015,3.8000000000000003,5,0.6622137985611696,0.5178498960501263
2018,-0.015,3.9000000000000004,5,0.6622137985611696,0.5276681538316179
2018,-0.015,4.0,5,0.6622137985611696,0.5378624299962304
2018,-0.015,4.1000000000000005,5,0.6622137985611696,0.544171182868593
2018,-0.015,4.2,5,0.6622137985611696,0.5525271469379476
2018,-0.015,4.3,5,0.6622137985611696,0.5469704308318268
2018,-0.015,4.4,5,0.7026566646568453,0.5379877694572707
2018,-0.015,4.5,5,0.7026566646568453,0.5426671093361093
2018,-0.015,4.6000000000000005,5,0.7026566646568453,0.5307598605372791
2018,-0.015,4.7,5,0.7183658771072317,0.5266654381432954
2018,-0.015,4.800000000000001,5,0.7183658771072317,0.5406198981391174
2018,-0.015,4.9,5,0.7183658771072317,0.5929700130336234
2018,-0.015,5.0,5,0.7183658771072317,0.5929700130336234
2018,-0.015,5.1000000000000005,5,0.7183658771072317,0.5840709112997609
2018,-0.015,5.2,5,0.7183658771072317,0.5824832781265834
2018,-0.015,5.300000000000001,5,0.7183658771072317,0.5880399942327041
2018,-0.015,5.4,5,0.7183658771072317,0.6042923443475988
2018,-0.015,5.5,5,0.7183658771072317,0.6086792254840099
2018,-0.015,5.6000000000000005,5,0.7183658771072317,0.4832144249826519
2018,-0.015,5.7,5,0.7183658771072317,0.47928712187005534
2018,-0.015,5.800000000000001,5,0.7183658771072317,0.4866821500714341
2018,-0.015,5.9,5,0.7183658771072317,0.500093472402748
2018,-0.015,6.0,5,0.7183658771072317,0.5326817322732306
2018,-0.02,0.0,5,0.2666472162886831,0.05486441468408733
2018,-0.02,0.1,5,0.2666472162886831,0.07030737348646507
2018,-0.02,0.2,5,0.26835570534367503,0.09515015172079913
2018,-0.02,0.30000000000000004,5,0.2708116583602261,0.12469118770258372
2018,-0.02,0.4,5,0.052918383216405386,-0.06511330235766075
2018,-0.02,0.5,5,0.565344418719364,0.4439880141580871
2018,-0.02,0.6000000000000001,5,0.565344418719364,0.46084894881036603
2018,-0.02,0.7000000000000001,5,0.565344418719364,0.45649425575764974
2018,-0.02,0.8,5,0.565344418719364,0.46699111775408503
2018,-0.02,0.9,5,0.565344418719364,0.46637427986190705
2018,-0.02,1.0,5,0.565344418719364,0.4480551781748878
2018,-0.02,1.1,5,0.5785468419489441,0.40938544497796536
2018,-0.02,1.2000000000000002,5,0.5865685674555244,0.40334073253990316
2018,-0.02,1.3,5,0.5865685674555244,0.41177111064058536
2018,-0.02,1.4000000000000001,5,0.5911601317908155,0.41251400179746145
2018,-0.02,1.5,5,0.5924414985820594,0.4139988918566414
2018,-0.02,1.6,5,0.5924414985820594,0.43080907953012215
2018,-0.02,1.7000000000000002,5,0.5924414985820594,0.44859374303471294
2018,-0.02,1.8,5,0.5924414985820594,0.45313841939223093
2018,-0.02,1.9000000000000001,5,0.5924414985820594,0.4744096345570788
2018,-0.02,2.0,5,0.5924414985820594,0.4840331577781714
2018,-0.02,2.1,5,0.5924414985820594,0.49299277667839847
2018,-0.02,2.2,5,0.5924414985820594,0.5100906718387093
2018,-0.02,2.3000000000000003,5,0.5924414985820594,0.4652137689524777
2018,-0.02,2.4000000000000004,5,0.5924414985820594,0.4382651602506088
2018,-0.02,2.5,5,0.5924414985820594,0.43936604624824593
2018,-0.02,2.6,5,0.5924414985820594,0.45399875355718267
2018,-0.02,2.7,5,0.5924414985820594,0.4335382185903394
2018,-0.02,2.8000000000000003,5,0.6049754446860911,0.42463911685647693
2018,-0.02,2.9000000000000004,5,0.6049754446860911,0.43587788852975873
2018,-0.02,3.0,5,0.6049754446860911,0.43863535667264564
2018,-0.02,3.1,5,0.6049754446860911,0.44072434768998425
2018,-0.02,3.2,5,0.6049754446860911,0.45367609199748377
2018,-0.02,3.3000000000000003,5,0.6049754446860911,0.4697613228309912
2018,-0.02,3.4000000000000004,5,0.6049754446860911,0.4751926994760717
2018,-0.02,3.5,5,0.6193894827057276,0.4765296537271683
2018,-0.02,3.6,5,0.6193894827057276,0.4952887930628692
2018,-0.02,3.7,5,0.6193894827057276,0.4890635998312002
2018,-0.02,3.8000000000000003,5,0.6193894827057276,0.4790364429479747
2018,-0.02,3.9000000000000004,5,0.6193894827057276,0.47711457121202316
2018,-0.02,4.0,5,0.6193894827057276,0.49065123300437746
2018,-0.02,4.1000000000000005,5,0.6258653548594774,0.49470387557801443
2018,-0.02,4.2,5,0.6275365476733483,0.506903583119272
2018,-0.02,4.3,5,0.6373548054548399,0.5068618032989252
2018,-0.02,4.4,5,0.653857834491815,0.49553947198494985
2018,-0.02,4.5,5,0.6622137985611696,0.48739240701732917
2018,-0.02,4.6000000000000005,5,0.6622137985611696,0.4914032697706194
2018,-0.02,4.7,5,0.6622137985611696,0.5066111243768445
2018,-0.02,4.800000000000001,5,0.6622137985611696,0.5160951435955619
2018,-0.02,4.9,5,0.6622137985611696,0.5213176211389084
2018,-0.02,5.0,5,0.6622137985611696,0.5276681538316179
2018,-0.02,5.1000000000000005,5,0.6622137985611696,0.5378624299962304
2018,-0.02,5.2,5,0.6622137985611696,0.544171182868593
2018,-0.02,5.300000000000001,5,0.6622137985611696,0.54822382544223
2018,-0.02,5.4,5,0.6622137985611696,0.5476806877777219
2018,-0.02,5.5,5,0.6622137985611696,0.5469704308318268
2018,-0.02,5.6000000000000005,5,0.7026566646568453,0.5379877694572707
2018,-0.02,5.7,5,0.7026566646568453,0.5433773662820044
2018,-0.02,5.800000000000001,5,0.7026566646568453,0.5240750892817954
2018,-0.02,5.9,5,0.7026566646568453,0.5275845941909243
2018,-0.02,6.0,5,0.7183658771072317,0.5234901717969407
2018,-0.025,0.0,5,0.2666472162886831,0.05486441468408733
2018,-0.025,0.1,5,0.2666472162886831,0.07030737348646507
2018,-0.025,0.2,5,0.2666472162886831,0.08265565896871921
2018,-0.025,0.30000000000000004,5,0.2684624859096121,0.12668360587993627
2018,-0.025,0.4,5,0.2708116583602261,0.13218175999619763
2018,-0.025,0.5,5,0.565344418719364,0.44426280625998354
2018,-0.025,0.6000000000000001,5,0.565344418719364,0.448416675114845
2018,-0.025,0.7000000000000001,5,0.565344418719364,0.4590705293032721
2018,-0.025,0.8,5,0.565344418719364,0.46055191726325573
2018,-0.025,0.9,5,0.565344418719364,0.467617190481086
2018,-0.025,1.0,5,0.565344418719364,0.4665315397302705
2018,-0.025,1.1,5,0.565344418719364,0.46583114219739896
2018,-0.025,1.2000000000000002,5,0.565344418719364,0.4653625077896759
2018,-0.025,1.3,5,0.565344418719364,0.412221899956863
2018,-0.025,1.4000000000000001,5,0.5785468419489441,0.3997751940436354
2018,-0.025,1.5,5,0.5865685674555244,0.40334073253990316
2018,-0.025,1.6,5,0.5865685674555244,0.41177111064058536
2018,-0.025,1.7000000000000002,5,0.5911601317908155,0.41651589739230027
2018,-0.025,1.8,5,0.5911601317908155,0.4206192869447354
2018,-0.025,1.9000000000000001,5,0.5924414985820594,0.4312686575539367
2018,-0.025,2.0,5,0.5924414985820594,0.43350154692741893
2018,-0.025,2.1,5,0.5924414985820594,0.45260460578800316
2018,-0.025,2.2,5,0.5924414985820594,0.46801750049493707
2018,-0.025,2.3000000000000003,5,0.5924414985820594,0.47099265644709487
2018,-0.025,2.4000000000000004,5,0.5924414985820594,0.4811500824978724
2018,-0.025,2.5,5,0.5924414985820594,0.4965260378655142
2018,-0.025,2.6,5,0.5924414985820594,0.5018685682615603
2018,-0.025,2.7,5,0.5924414985820594,0.5047705593387916
2018,-0.025,2.8000000000000003,5,0.5924414985820594,0.46265103536998964
2018,-0.025,2.9000000000000004,5,0.5924414985820594,0.4217800655305363
2018,-0.025,3.0,5,0.5924414985820594,0.44178891892652983
2018,-0.025,3.1,5,0.5924414985820594,0.44676107444962465
2018,-0.025,3.2,5,0.5924414985820594,0.45399875355718267
2018,-0.025,3.3000000000000003,5,0.5924414985820594,0.45788418762397526
2018,-0.025,3.4000000000000004,5,0.6049754446860911,0.43550187014663777
2018,-0.025,3.5,5,0.6049754446860911,0.43612856745183937
2018,-0.025,3.6,5,0.6049754446860911,0.43587788852975873
2018,-0.025,3.7,5,0.6049754446860911,0.43863535667264564
2018,-0.025,3.8000000000000003,5,0.6049754446860911,0.44072434768998425
2018,-0.025,3.9000000000000004,5,0.6049754446860911,0.45451168840441925
2018,-0.025,4.0,5,0.6049754446860911,0.45584864265551595
2018,-0.025,4.1000000000000005,5,0.6049754446860911,0.4697613228309912
2018,-0.025,4.2,5,0.616590234742494,0.47506736001503136
2018,-0.025,4.3,5,0.6193894827057276,0.4765296537271683
2018,-0.025,4.4,5,0.6193894827057276,0.4952887930628692
2018,-0.025,4.5,5,0.6193894827057276,0.4890635998312002
2018,-0.025,4.6000000000000005,5,0.6193894827057276,0.4790364429479747
2018,-0.025,4.7,5,0.6193894827057276,0.48254594785710364
2018,-0.025,4.800000000000001,5,0.6193894827057276,0.47711457121202316
2018,-0.025,4.9,5,0.6193894827057276,0.49065123300437746
2018,-0.025,5.0,5,0.6258653548594774,0.49470387557801443
2018,-0.025,5.1000000000000005,5,0.6275365476733483,0.506903583119272
2018,-0.025,5.2,5,0.6310042727621304,0.5076138400651671
2018,-0.025,5.300000000000001,5,0.6442484758120572,0.4998427934806674
2018,-0.025,5.4,5,0.6581193761671857,0.4936176002489983
2018,-0.025,5.5,5,0.6622137985611696,0.48739240701732917
2018,-0.025,5.6000000000000005,5,0.6622137985611696,0.4914032697706194
2018,-0.025,5.7,5,0.6622137985611696,0.5039372158746511
2018,-0.025,5.800000000000001,5,0.6622137985611696,0.511499363357417
2018,-0.025,5.9,5,0.6622137985611696,0.5152177673682796
2018,-0.025,6.0,5,0.6622137985611696,0.5213176211389084
2018,-0.03,0.0,5,0.2666472162886831,0.05486441468408733
2018,-0.03,0.1,5,0.2666472162886831,0.07030737348646507
2018,-0.03,0.2,5,0.2666472162886831,0.08265565896871921
2018,-0.03,0.30000000000000004,5,0.26835570534367503,0.08604540238135887
2018,-0.03,0.4,5,0.2708116583602261,0.12565244680265503
2018,-0.03,0.5,5,0.2708116583602261,0.13734885710717817
2018,-0.03,0.6000000000000001,5,0.565344418719364,0.4506084092461811
2018,-0.03,0.7000000000000001,5,0.565344418719364,0.448416675114845
2018,-0.03,0.8,5,0.565344418719364,0.4590705293032721
2018,-0.03,0.9,5,0.565344418719364,0.44976708010361877
2018,-0.03,1.0,5,0.565344418719364,0.46526801803047196
2018,-0.03,1.1,5,0.565344418719364,0.466777556622211
2018,-0.03,1.2000000000000002,5,0.565344418719364,0.46018100703756104
2018,-0.03,1.3,5,0.565344418719364,0.4600237471691976
2018,-0.03,1.4000000000000001,5,0.565344418719364,0.4653625077896759
2018,-0.03,1.5,5,0.565344418719364,0.41136765542936693
2018,-0.03,1.6,5,0.5785468419489441,0.40810407818672134
2018,-0.03,1.7000000000000002,5,0.5785468419489441,0.3997751940436354
2018,-0.03,1.8,5,0.5865685674555244,0.40334073253990316
2018,-0.03,1.9000000000000001,5,0.5865685674555244,0.40771344913497937
2018,-0.03,2.0,5,0.5911601317908155,0.4111768690954503
2018,-0.03,2.1,5,0.5911601317908155,0.41251400179746145
2018,-0.03,2.2,5,0.5911601317908155,0.4242498261865933
2018,-0.03,2.3000000000000003,5,0.5924414985820594,0.4312686575539367
2018,-0.03,2.4000000000000004,5,0.5924414985820594,0.44432252039723297
2018,-0.03,2.5,5,0.5924414985820594,0.45260460578800316
2018,-0.03,2.6,5,0.5924414985820594,0.46801750049493707
2018,-0.03,2.7,5,0.5924414985820594,0.46885704512835485
2018,-0.03,2.8000000000000003,5,0.5924414985820594,0.4814704241956834
2018,-0.03,2.9000000000000004,5,0.5924414985820594,0.4888378371180503
2018,-0.03,3.0,5,0.5924414985820594,0.5007875795408849
2018,-0.03,3.1,5,0.5924414985820594,0.4971056687420282
2018,-0.03,3.2,5,0.5924414985820594,0.4939078060486307
2018,-0.03,3.3000000000000003,5,0.5924414985820594,0.4585012039670677
2018,-0.03,3.4000000000000004,5,0.5924414985820594,0.45585508919480067
2018,-0.03,3.5,5,0.5924414985820594,0.42515095869186237
2018,-0.03,3.6,5,0.5924414985820594,0.44178891892652983
2018,-0.03,3.7,5,0.5924414985820594,0.44676107444962465
2018,-0.03,3.8000000000000003,5,0.5924414985820594,0.45399875355718267
2018,-0.03,3.9000000000000004,5,0.5924414985820594,0.4560040957083705
2018,-0.03,4.0,5,0.6049754446860911,0.43550187014663777
2018,-0.03,4.1000000000000005,5,0.6049754446860911,0.42463911685647693
2018,-0.03,4.2,5,0.6049754446860911,0.43612856745183937
2018,-0.03,4.3,5,0.6049754446860911,0.43587788852975873
2018,-0.03,4.4,5,0.6049754446860911,0.4244719975750898
2018,-0.03,4.5,5,0.6049754446860911,0.43863535667264564
2018,-0.03,4.6000000000000005,5,0.6049754446860911,0.45451168840441925
2018,-0.03,4.7,5,0.6049754446860911,0.45367609199748377
2018,-0.03,4.800000000000001,5,0.6049754446860911,0.4697613228309912
2018,-0.03,4.9,5,0.6049754446860911,0.4751926994760717
2018,-0.03,5.0,5,0.6193894827057276,0.4733126075604669
2018,-0.03,5.1000000000000005,5,0.6193894827057276,0.4952887930628692
2018,-0.03,5.2,5,0.6193894827057276,0.4952887930628692
2018,-0.03,5.300000000000001,5,0.6193894827057276,0.4890635998312002
2018,-0.03,5.4,5,0.6193894827057276,0.47381396540462817
2018,-0.03,5.5,5,0.6193894827057276,0.4748584609132974
2018,-0.03,5.6000000000000005,5,0.6193894827057276,0.4843842599523616
2018,-0.03,5.7,5,0.6193894827057276,0.4863896913290067
2018,-0.03,5.800000000000001,5,0.6193894827057276,0.49065123300437746
2018,-0.03,5.9,5,0.6258653548594774,0.49470387557801443
2018,-0.03,6.0,5,0.6275365476733483,0.506903583119272
2018,-0.035,0.0,5,0.2666472162886831,0.05486441468408733
2018,-0.035,0.1,5,0.2666472162886831,0.07030737348646507
2018,-0.035,0.2,5,0.2666472162886831,0.08265565896871921
2018,-0.035,0.30000000000000004,5,0.2666472162886831,0.09803322700109811
2018,-0.035,0.4,5,0.2684624859096121,0.12668360587993627
2018,-0.035,0.5,5,0.2708116583602261,0.13083282129355928
2018,-0.035,0.6000000000000001,5,0.7832376938631848,0.6467249657248224
2018,-0.035,0.7000000000000001,5,0.565344418719364,0.4527440205649211
2018,-0.035,0.8,5,0.565344418719364,0.4508115756122881
2018,-0.035,0.9,5,0.565344418719364,0.4590705293032721
2018,-0.035,1.0,5,0.565344418719364,0.4550415537821647
2018,-0.035,1.1,5,0.565344418719364,0.46932567953607796
2018,-0.035,1.2000000000000002,5,0.565344418719364,0.460263942100054
2018,-0.035,1.3,5,0.565344418719364,0.4663179785983965
2018,-0.035,1.4000000000000001,5,0.565344418719364,0.4597632088340934
2018,-0.035,1.5,5,0.565344418719364,0.45480126962585105
2018,-0.035,1.6,5,0.565344418719364,0.4653625077896759
2018,-0.035,1.7000000000000002,5,0.565344418719364,0.4290035800967596
2018,-0.035,1.8,5,0.565344418719364,0.412221899956863
2018,-0.035,1.9000000000000001,5,0.5785468419489441,0.40938544497796536
2018,-0.035,2.0,5,0.5785468419489441,0.3997751940436354
2018,-0.035,2.1,5,0.5865685674555244,0.40334073253990316
2018,-0.035,2.2,5,0.5865685674555244,0.40771344913497937
2018,-0.035,2.3000000000000003,5,0.5911601317908155,0.4111768690954503
2018,-0.035,2.4000000000000004,5,0.5911601317908155,0.4159309799074455
2018,-0.035,2.5,5,0.5911601317908155,0.4206192869447354
2018,-0.035,2.6,5,0.5924414985820594,0.4159207635925929
2018,-0.035,2.7,5,0.5924414985820594,0.43080907953012215
2018,-0.035,2.8000000000000003,5,0.5924414985820594,0.44432252039723297
2018,-0.035,2.9000000000000004,5,0.5924414985820594,0.45260460578800316
2018,-0.035,3.0,5,0.5924414985820594,0.46801750049493707
2018,-0.035,3.1,5,0.5924414985820594,0.4674688977711739
2018,-0.035,3.2,5,0.5924414985820594,0.46815162866351434
2018,-0.035,3.3000000000000003,5,0.5924414985820594,0.48520729787619227
2018,-0.035,3.4000000000000004,5,0.5924414985820594,0.4911775070574695
2018,-0.035,3.5,5,0.5924414985820594,0.5088093050474654
2018,-0.035,3.6,5,0.5924414985820594,0.49815016425069764
2018,-0.035,3.7,5,0.5924414985820594,0.4939078060486307
2018,-0.035,3.8000000000000003,5,0.5924414985820594,0.4585012039670677
2018,-0.035,3.9000000000000004,5,0.5924414985820594,0.4520949053635911
2018,-0.035,4.0,5,0.5924414985820594,0.43619544193203136
2018,-0.035,4.1000000000000005,5,0.5924414985820594,0.42410646318319306
2018,-0.035,4.2,5,0.5924414985820594,0.4391194047781048
2018,-0.035,4.3,5,0.5924414985820594,0.44676107444962465
2018,-0.035,4.4,5,0.5924414985820594,0.45399875355718267
2018,-0.035,4.5,5,0.5924414985820594,0.4531578705419065
2018,-0.035,4.6000000000000005,5,0.5924414985820594,0.4335382185903394
2018,-0.035,4.7,5,0.6049754446860911,0.41824680434342076
2018,-0.035,4.800000000000001,5,0.6049754446860911,0.42463911685647693
2018,-0.035,4.9,5,0.6049754446860911,0.4331204203868717
2018,-0.035,5.0,5,0.6049754446860911,0.43587788852975873
2018,-0.035,5.1000000000000005,5,0.6049754446860911,0.4244719975750898
2018,-0.035,5.2,5,0.6049754446860911,0.43863535667264564
2018,-0.035,5.300000000000001,5,0.6049754446860911,0.45451168840441925
2018,-0.035,5.4,5,0.6049754446860911,0.4465317427181857
2018,-0.035,5.5,5,0.6049754446860911,0.45584864265551595
2018,-0.035,5.6000000000000005,5,0.6049754446860911,0.4697613228309912
2018,-0.035,5.7,5,0.616590234742494,0.47506736001503136
2018,-0.035,5.800000000000001,5,0.6193894827057276,0.4745660021708701
2018,-0.035,5.9,5,0.6193894827057276,0.4952887930628692
2018,-0.035,6.0,5,0.6193894827057276,0.4952887930628692
2018,-0.04,0.0,5,0.2666472162886831,0.05486441468408733
2018,-0.04,0.1,5,0.2666472162886831,0.07030737348646507
2018,-0.04,0.2,5,0.2666472162886831,0.0793132733409774
2018,-0.04,0.30000000000000004,5,0.2666472162886831,0.07546952986907433
2018,-0.04,0.4,5,0.26835570534367503,0.11971651816682927
2018,-0.04,0.5,5,0.2708116583602261,0.13343710228717642
2018,-0.04,0.6000000000000001,5,0.7832376938631848,0.6471563645403093
2018,-0.04,0.7000000000000001,5,0.7832376938631848,0.6546178945361192
2018,-0.04,0.8,5,0.565344418719364,0.457172681521679
2018,-0.04,0.9,5,0.565344418719364,0.4508115756122881
2018,-0.04,1.0,5,0.565344418719364,0.4598643458898607
2018,-0.04,1.1,5,0.565344418719364,0.4501296477490627
2018,-0.04,1.2000000000000002,5,0.565344418719364,0.45854084237644105
2018,-0.04,1.3,5,0.565344418719364,0.4567499536116994
2018,-0.04,1.4000000000000001,5,0.565344418719364,0.4579242721606348
2018,-0.04,1.5,5,0.565344418719364,0.4569728388038537
2018,-0.04,1.6,5,0.565344418719364,0.45963786937305307
2018,-0.04,1.7000000000000002,5,0.565344418719364,0.45480126962585105
2018,-0.04,1.8,5,0.565344418719364,0.4653625077896759
2018,-0.04,1.9000000000000001,5,0.565344418719364,0.4333069015924772
2018,-0.04,2.0,5,0.565344418719364,0.41136765542936693
2018,-0.04,2.1,5,0.5785468419489441,0.40810407818672134
2018,-0.04,2.2,5,0.5785468419489441,0.3997751940436354
2018,-0.04,2.3000000000000003,5,0.5785468419489441,0.3997751940436354
2018,-0.04,2.4000000000000004,5,0.5865685674555244,0.40334073253990316
2018,-0.04,2.5,5,0.5865685674555244,0.40771344913497937
2018,-0.04,2.6,5,0.5865685674555244,0.4028391962448275
2018,-0.04,2.7,5,0.5911601317908155,0.40916264901126825
2018,-0.04,2.8000000000000003,5,0.5911601317908155,0.4115948457498325
2018,-0.04,2.9000000000000004,5,0.5911601317908155,0.4242498261865933
2018,-0.04,3.0,5,0.5924414985820594,0.4229397734108507
2018,-0.04,3.1,5,0.5924414985820594,0.43360832749335587
2018,-0.04,3.2,5,0.5924414985820594,0.44432252039723297
2018,-0.04,3.3000000000000003,5,0.5924414985820594,0.4538997802187531
2018,-0.04,3.4000000000000004,5,0.5924414985820594,0.46801750049493707
2018,-0.04,3.5,5,0.5924414985820594,0.4674688977711739
2018,-0.04,3.6,5,0.5924414985820594,0.46815162866351434
2018,-0.04,3.7,5,0.5924414985820594,0.4814704241956834
2018,-0.04,3.8000000000000003,5,0.5924414985820594,0.4882944317771705
2018,-0.04,3.9000000000000004,5,0.5924414985820594,0.5011211043000013
2018,-0.04,4.0,5,0.5924414985820594,0.5029785998685632
2018,-0.04,4.1000000000000005,5,0.5924414985820594,0.49815016425069764
2018,-0.04,4.2,5,0.5924414985820594,0.4939078060486307
2018,-0.04,4.3,5,0.5924414985820594,0.4585012039670677
2018,-0.04,4.4,5,0.5924414985820594,0.4654273300843516
2018,-0.04,4.5,5,0.5924414985820594,0.4345891606382934
2018,-0.04,4.6000000000000005,5,0.5924414985820594,0.41772742295689946
2018,-0.04,4.7,5,0.5924414985820594,0.4382651602506088
2018,-0.04,4.800000000000001,5,0.5924414985820594,0.43347912903129054
2018,-0.04,4.9,5,0.5924414985820594,0.44676107444962465
2018,-0.04,5.0,5,0.5924414985820594,0.4488732863922067
2018,-0.04,5.1000000000000005,5,0.5924414985820594,0.4523036260144105
2018,-0.04,5.2,5,0.5924414985820594,0.45788418762397526
2018,-0.04,5.300000000000001,5,0.6049754446860911,0.43550187014663777
2018,-0.04,5.4,5,0.6049754446860911,0.42463911685647693
2018,-0.04,5.5,5,0.6049754446860911,0.43612856745183937
2018,-0.04,5.6000000000000005,5,0.6049754446860911,0.42940201637600894
2018,-0.04,5.7,5,0.6049754446860911,0.43153278721369437
2018,-0.04,5.800000000000001,5,0.6049754446860911,0.4244719975750898
2018,-0.04,5.9,5,0.6049754446860911,0.43863535667264564
2018,-0.04,6.0,5,0.6049754446860911,0.45451168840441925
2018,-0.045,0.0,5,0.2666472162886831,0.05486441468408733
2018,-0.045,0.1,5,0.2666472162886831,0.07030737348646507
2018,-0.045,0.2,5,0.2666472162886831,0.06274522600369928
2018,-0.045,0.30000000000000004,5,0.2666472162886831,0.07948039262236448
2018,-0.045,0.4,5,0.2666472162886831,0.13116932167565434
2018,-0.045,0.5,5,0.2684624859096121,0.12843835833450074
2018,-0.045,0.6000000000000001,5,0.7832376938631848,0.6424653634420248
2018,-0.045,0.7000000000000001,5,0.7832376938631848,0.644106437654995
2018,-0.045,0.8,5,0.7832376938631848,0.6640601339344897
2018,-0.045,0.9,5,0.565344418719364,0.457172681521679
2018,-0.045,1.0,5,0.565344418719364,0.4508115756122881
2018,-0.045,1.1,5,0.565344418719364,0.4598643458898607
2018,-0.045,1.2000000000000002,5,0.565344418719364,0.4501296477490627
2018,-0.045,1.3,5,0.565344418719364,0.46857821557451895
2018,-0.045,1.4000000000000001,5,0.565344418719364,0.4577944491203687
2018,-0.045,1.5,5,0.565344418719364,0.45791476964944006
2018,-0.045,1.6,5,0.565344418719364,0.4663179785983965
2018,-0.045,1.7000000000000002,5,0.565344418719364,0.4539877342132151
2018,-0.045,1.8,5,0.565344418719364,0.45969399218564916
2018,-0.045,1.9000000000000001,5,0.565344418719364,0.45480126962585105
2018,-0.045,2.0,5,0.565344418719364,0.46301333533906197
2018,-0.045,2.1,5,0.565344418719364,0.4333069015924772
2018,-0.045,2.2,5,0.565344418719364,0.4105738388427783
2018,-0.045,2.3000000000000003,5,0.565344418719364,0.412221899956863
2018,-0.045,2.4000000000000004,5,0.5785468419489441,0.40938544497796536
2018,-0.045,2.5,5,0.5785468419489441,0.3997751940436354
2018,-0.045,2.6,5,0.5785468419489441,0.3997751940436354
2018,-0.045,2.7,5,0.5865685674555244,0.404844806072387
2018,-0.045,2.8000000000000003,5,0.5865685674555244,0.40728632687123145
2018,-0.045,2.9000000000000004,5,0.5865685674555244,0.40625617435481143
2018,-0.045,3.0,5,0.5911601317908155,0.4111768690954503
2018,-0.045,3.1,5,0.5911601317908155,0.41251400179746145
2018,-0.045,3.2,5,0.5911601317908155,0.4206192869447354
2018,-0.045,3.3000000000000003,5,0.5924414985820594,0.4215801335872539
2018,-0.045,3.4000000000000004,5,0.5924414985820594,0.43080907953012215
2018,-0.045,3.5,5,0.5924414985820594,0.44442930096317
2018,-0.045,3.6,5,0.5924414985820594,0.4483333831505232
2018,-0.045,3.7,5,0.5924414985820594,0.4538997802187531
2018,-0.045,3.8000000000000003,5,0.5924414985820594,0.4596886163518511
2018,-0.045,3.9000000000000004,5,0.5924414985820594,0.47024519248553587
2018,-0.045,4.0,5,0.5924414985820594,0.4683556872841936
2018,-0.045,4.1000000000000005,5,0.5924414985820594,0.4814704241956834
2018,-0.045,4.2,5,0.5924414985820594,0.48723612862899524
2018,-0.045,4.3,5,0.5924414985820594,0.484663714084398
2018,-0.045,4.4,5,0.5924414985820594,0.5088093050474654
2018,-0.045,4.5,5,0.5924414985820594,0.5040230953772326
2018,-0.045,4.6000000000000005,5,0.5924414985820594,0.4829840894648192
2018,-0.045,4.7,5,0.5924414985820594,0.48220945635153434
2018,-0.045,4.800000000000001,5,0.5924414985820594,0.46074359585174474
2018,-0.045,4.9,5,0.5924414985820594,0.4654273300843516
2018,-0.045,5.0,5,0.5924414985820594,0.45585508919480067
2018,-0.045,5.1000000000000005,5,0.5924414985820594,0.43619544193203136
2018,-0.045,5.2,5,0.5924414985820594,0.42515095869186237
2018,-0.045,5.300000000000001,5,0.5924414985820594,0.4382651602506088
2018,-0.045,5.4,5,0.5924414985820594,0.4309305599901374
2018,-0.045,5.5,5,0.5924414985820594,0.44676107444962465
2018,-0.045,5.6000000000000005,5,0.5924414985820594,0.44665895591382776
2018,-0.045,5.7,5,0.5924414985820594,0.4545460178990875
2018,-0.045,5.800000000000001,5,0.5924414985820594,0.45788418762397526
2018,-0.045,5.9,5,0.6049754446860911,0.4324052337344647
2018,-0.045,6.0,5,0.6049754446860911,0.41824680434342076
2018,-0.05,0.0,5,0.2666472162886831,0.05486441468408733
2018,-0.05,0.1,5,0.2666472162886831,0.07030737348646507
2018,-0.05,0.2,5,0.2666472162886831,0.06274522600369928
2018,-0.05,0.30000000000000004,5,0.2666472162886831,0.08265565896871921
2018,-0.05,0.4,5,0.2666472162886831,0.13116932167565434
2018,-0.05,0.5,5,0.26835570534367503,0.1255090196546293
2018,-0.05,0.6000000000000001,5,0.2684624859096121,0.12574890153971247
2018,-0.05,0.7000000000000001,5,0.7832376938631848,0.645807425837671
2018,-0.05,0.8,5,0.7832376938631848,0.6467249657248224
2018,-0.05,0.9,5,0.7832376938631848,0.6640601339344897
2018,-0.05,1.0,5,0.565344418719364,0.457172681521679
2018,-0.05,1.1,5,0.565344418719364,0.453731501006422
2018,-0.05,1.2000000000000002,5,0.565344418719364,0.4598643458898607
2018,-0.05,1.3,5,0.565344418719364,0.4501296477490627
2018,-0.05,1.4000000000000001,5,0.565344418719364,0.46857821557451895
2018,-0.05,1.5,5,0.565344418719364,0.4547806585452315
2018,-0.05,1.6,5,0.565344418719364,0.461972431155046
2018,-0.05,1.7000000000000002,5,0.565344418719364,0.45416408832942523
2018,-0.05,1.8,5,0.565344418719364,0.46113728087539674
2018,-0.05,1.9000000000000001,5,0.565344418719364,0.4535699360097474
2018,-0.05,2.0,5,0.565344418719364,0.45831525811420565
2018,-0.05,2.1,5,0.565344418719364,0.45480126962585105
2018,-0.05,2.2,5,0.565344418719364,0.46301333533906197
2018,-0.05,2.3000000000000003,5,0.565344418719364,0.42177460047128124
2018,-0.05,2.4000000000000004,5,0.565344418719364,0.4169292120165423
2018,-0.05,2.5,5,0.565344418719364,0.41136765542936693
2018,-0.05,2.6,5,0.565344418719364,0.4026309217212941
2018,-0.05,2.7,5,0.5785468419489441,0.40938544497796536
2018,-0.05,2.8000000000000003,5,0.5785468419489441,0.3997751940436354
2018,-0.05,2.9000000000000004,5,0.5865685674555244,0.39630746895485325
2018,-0.05,3.0,5,0.5865685674555244,0.404844806072387
2018,-0.05,3.1,5,0.5865685674555244,0.40728632687123145
2018,-0.05,3.2,5,0.5865685674555244,0.40888830303665813
2018,-0.05,3.3000000000000003,5,0.5911601317908155,0.4111768690954503
2018,-0.05,3.4000000000000004,5,0.5911601317908155,0.4159309799074455
2018,-0.05,3.5,5,0.5911601317908155,0.4115948457498325
2018,-0.05,3.6,5,0.5911601317908155,0.4242498261865933
2018,-0.05,3.7,5,0.5924414985820594,0.4227262122789767
2018,-0.05,3.8000000000000003,5,0.5924414985820594,0.43080907953012215
2018,-0.05,3.9000000000000004,5,0.5924414985820594,0.44442930096317
2018,-0.05,4.0,5,0.5924414985820594,0.4506825556011371
2018,-0.05,4.1000000000000005,5,0.5924414985820594,0.4538997802187531
2018,-0.05,4.2,5,0.5924414985820594,0.4596886163518511
2018,-0.05,4.3,5,0.5924414985820594,0.4763316847439448
2018,-0.05,4.4,5,0.5924414985820594,0.4669675399270126
2018,-0.05,4.5,5,0.5924414985820594,0.4780534460856994
2018,-0.05,4.6000000000000005,5,0.5924414985820594,0.48627510353556225
2018,-0.05,4.7,5,0.5924414985820594,0.49021630351312206
2018,-0.05,4.800000000000001,5,0.5924414985820594,0.5011211043000013
2018,-0.05,4.9,5,0.5924414985820594,0.5040464055279332
2018,-0.05,5.0,5,0.5924414985820594,0.49782982255288655
2018,-0.05,5.1000000000000005,5,0.5924414985820594,0.4872874109605368
2018,-0.05,5.2,5,0.5924414985820594,0.48220945635153434
2018,-0.05,5.300000000000001,5,0.5924414985820594,0.4634226125113644
2018,-0.05,5.4,5,0.5924414985820594,0.46585445234809963
2018,-0.05,5.5,5,0.5924414985820594,0.4532923556123126
2018,-0.05,5.6000000000000005,5,0.5924414985820594,0.4345891606382934
2018,-0.05,5.7,5,0.5924414985820594,0.4256241659042684
2018,-0.05,5.800000000000001,5,0.5924414985820594,0.42410646318319306
2018,-0.05,5.9,5,0.5924414985820594,0.44178891892652983
2018,-0.05,6.0,5,0.5924414985820594,0.43103734055607434
2018,-0.055,0.0,5,0.2666472162886831,0.05486441468408733
2018,-0.055,0.1,5,0.2666472162886831,0.07030737348646507
2018,-0.055,0.2,5,0.2666472162886831,0.06370616187167502
2018,-0.055,0.30000000000000004,5,0.2666472162886831,0.08265565896871921
2018,-0.055,0.4,5,0.2666472162886831,0.09059481370609346
2018,-0.055,0.5,5,0.2666472162886831,0.12561486819420226
2018,-0.055,0.6000000000000001,5,0.2684624859096121,0.12843835833450074
2018,-0.055,0.7000000000000001,5,0.7832376938631848,0.6424653634420248
2018,-0.055,0.8,5,0.7832376938631848,0.6471563645403093
2018,-0.055,0.9,5,0.7832376938631848,0.6467249657248224
2018,-0.055,1.0,5,0.7832376938631848,0.660092667162024
2018,-0.055,1.1,5,0.565344418719364,0.46469304918409804
2018,-0.055,1.2000000000000002,5,0.565344418719364,0.453731501006422
2018,-0.055,1.3,5,0.565344418719364,0.4598643458898607
2018,-0.055,1.4000000000000001,5,0.565344418719364,0.4501296477490627
2018,-0.055,1.5,5,0.565344418719364,0.4548925472685948
2018,-0.055,1.6,5,0.565344418719364,0.4579840755233415
2018,-0.055,1.7000000000000002,5,0.565344418719364,0.4567499536116994
2018,-0.055,1.8,5,0.565344418719364,0.45557509971002075
2018,-0.055,1.9000000000000001,5,0.565344418719364,0.4598043640762395
2018,-0.055,2.0,5,0.565344418719364,0.4599674459056871
2018,-0.055,2.1,5,0.565344418719364,0.45963786937305307
2018,-0.055,2.2,5,0.565344418719364,0.45831525811420565
2018,-0.055,2.3000000000000003,5,0.565344418719364,0.45851967363671375
2018,-0.055,2.4000000000000004,5,0.565344418719364,0.46301333533906197
2018,-0.055,2.5,5,0.565344418719364,0.41989450855567645
2018,-0.055,2.6,5,0.565344418719364,0.4290035800967596
2018,-0.055,2.7,5,0.565344418719364,0.4052260218383914
2018,-0.055,2.8000000000000003,5,0.565344418719364,0.412221899956863
2018,-0.055,2.9000000000000004,5,0.5785468419489441,0.40810407818672134
2018,-0.055,3.0,5,0.5785468419489441,0.3997751940436354
2018,-0.055,3.1,5,0.5785468419489441,0.3997751940436354
2018,-0.055,3.2,5,0.5865685674555244,0.39630746895485325
2018,-0.055,3.3000000000000003,5,0.5865685674555244,0.404844806072387
2018,-0.055,3.4000000000000004,5,0.5865685674555244,0.40728632687123145
2018,-0.055,3.5,5,0.5865685674555244,0.40888830303665813
2018,-0.055,3.6,5,0.5911601317908155,0.4111768690954503
2018,-0.055,3.7,5,0.5911601317908155,0.40916264901126825
2018,-0.055,3.8000000000000003,5,0.5911601317908155,0.41251400179746145
2018,-0.055,3.9000000000000004,5,0.5911601317908155,0.4206192869447354
2018,-0.055,4.0,5,0.5911601317908155,0.42617169792254483
2018,-0.055,4.1000000000000005,5,0.5924414985820594,0.4229397734108507
2018,-0.055,4.2,5,0.5924414985820594,0.43360832749335587
2018,-0.055,4.3,5,0.5924414985820594,0.44442930096317
2018,-0.055,4.4,5,0.5924414985820594,0.4506825556011371
2018,-0.055,4.5,5,0.5924414985820594,0.45356554165597884
2018,-0.055,4.6000000000000005,5,0.5924414985820594,0.4596886163518511
2018,-0.055,4.7,5,0.5924414985820594,0.4763316847439448
2018,-0.055,4.800000000000001,5,0.5924414985820594,0.4669675399270126
2018,-0.055,4.9,5,0.5924414985820594,0.47591783476695937
2018,-0.055,5.0,5,0.5924414985820594,0.48627510353556225
2018,-0.055,5.1000000000000005,5,0.5924414985820594,0.4895757985684145
2018,-0.055,5.2,5,0.5924414985820594,0.4982380290197024
2018,-0.055,5.300000000000001,5,0.5924414985820594,0.4963582047804693
2018,-0.055,5.4,5,0.5924414985820594,0.4998266436729092
2018,-0.055,5.5,5,0.5924414985820594,0.49386073961994315
2018,-0.055,5.6000000000000005,5,0.5924414985820594,0.4872874109605368
2018,-0.055,5.7,5,0.5924414985820594,0.4770287586285346
2018,-0.055,5.800000000000001,5,0.5924414985820594,0.4634226125113644
2018,-0.055,5.9,5,0.5924414985820594,0.46585445234809963
2018,-0.055,6.0,5,0.5924414985820594,0.45230846649546513
2018,-0.06,0.0,5,0.2666472162886831,0.05486441468408733
2018,-0.06,0.1,5,0.2666472162886831,0.07030737348646507
2018,-0.06,0.2,5,0.2666472162886831,0.06370616187167502
2018,-0.06,0.30000000000000004,5,0.2666472162886831,0.08265565896871921
2018,-0.06,0.4,5,0.2666472162886831,0.07191923401108616
2018,-0.06,0.5,5,0.2666472162886831,0.13116932167565434
2018,-0.06,0.6000000000000001,5,0.26835570534367503,0.12726377210919376
2018,-0.06,0.7000000000000001,5,0.2684624859096121,0.07959505538586628
2018,-0.06,0.8,5,0.7832376938631848,0.6450139324831778
2018,-0.06,0.9,5,0.7832376938631848,0.644106437654995
2018,-0.06,1.0,5,0.7832376938631848,0.6561672051231929
2018,-0.06,1.1,5,0.7832376938631848,0.6645213281187818
2018,-0.06,1.2000000000000002,5,0.565344418719364,0.46469304918409804
2018,-0.06,1.3,5,0.565344418719364,0.453731501006422
2018,-0.06,1.4000000000000001,5,0.565344418719364,0.4487091338572725
2018,-0.06,1.5,5,0.565344418719364,0.4501296477490627
2018,-0.06,1.6,5,0.565344418719364,0.4548925472685948
2018,-0.06,1.7000000000000002,5,0.565344418719364,0.46857821557451895
2018,-0.06,1.8,5,0.565344418719364,0.4459651164520625
2018,-0.06,1.9000000000000001,5,0.565344418719364,0.461972431155046
2018,-0.06,2.0,5,0.565344418719364,0.4518149158788113
2018,-0.06,2.1,5,0.565344418719364,0.46113728087539674
2018,-0.06,2.2,5,0.565344418719364,0.45538520563067636
2018,-0.06,2.3000000000000003,5,0.565344418719364,0.45963786937305307
2018,-0.06,2.4000000000000004,5,0.565344418719364,0.45234074380461714
2018,-0.06,2.5,5,0.565344418719364,0.45851967363671375
2018,-0.06,2.6,5,0.565344418719364,0.46301333533906197
2018,-0.06,2.7,5,0.565344418719364,0.46486114994551464
2018,-0.06,2.8000000000000003,5,0.565344418719364,0.4290035800967596
2018,-0.06,2.9000000000000004,5,0.565344418719364,0.40608905507342435
2018,-0.06,3.0,5,0.565344418719364,0.412221899956863
2018,-0.06,3.1,5,0.565344418719364,0.4026309217212941
2018,-0.06,3.2,5,0.5785468419489441,0.40938544497796536
2018,-0.06,3.3000000000000003,5,0.5785468419489441,0.3997751940436354
2018,-0.06,3.4000000000000004,5,0.5785468419489441,0.3997751940436354
2018,-0.06,3.5,5,0.5865685674555244,0.39630746895485325
2018,-0.06,3.6,5,0.5865685674555244,0.404844806072387
2018,-0.06,3.7,5,0.5865685674555244,0.40728632687123145
2018,-0.06,3.8000000000000003,5,0.5865685674555244,0.40888830303665813
2018,-0.06,3.9000000000000004,5,0.5865685674555244,0.4081870132492143
2018,-0.06,4.0,5,0.5911601317908155,0.40916264901126825
2018,-0.06,4.1000000000000005,5,0.5911601317908155,0.41251400179746145
2018,-0.06,4.2,5,0.5911601317908155,0.4115948457498325
2018,-0.06,4.3,5,0.5911601317908155,0.4206192869447354
2018,-0.06,4.4,5,0.5924414985820594,0.42859914340551164
2018,-0.06,4.5,5,0.5924414985820594,0.42248019538703624
2018,-0.06,4.6000000000000005,5,0.5924414985820594,0.43360832749335587
2018,-0.06,4.7,5,0.5924414985820594,0.44442930096317
2018,-0.06,4.800000000000001,5,0.5924414985820594,0.4506825556011371
2018,-0.06,4.9,5,0.5924414985820594,0.45356554165597884
2018,-0.06,5.0,5,0.5924414985820594,0.4596886163518511
2018,-0.06,5.1000000000000005,5,0.5924414985820594,0.4763316847439448
2018,-0.06,5.2,5,0.5924414985820594,0.46173529219609966
2018,-0.06,5.300000000000001,5,0.5924414985820594,0.47591783476695937
2018,-0.06,5.4,5,0.5924414985820594,0.48285812542557827
2018,-0.06,5.5,5,0.5924414985820594,0.4886147734749815
2018,-0.06,5.6000000000000005,5,0.5924414985820594,0.48946883955156306
2018,-0.06,5.7,5,0.5924414985820594,0.49268543959097844
2018,-0.06,5.800000000000001,5,0.5924414985820594,0.4963582047804693
2018,-0.06,5.9,5,0.5924414985820594,0.5050909010366025
2018,-0.06,6.0,5,0.5924414985820594,0.48405189512418917
2018,-0.065,0.0,5,0.2666472162886831,0.05486441468408733
2018,-0.065,0.1,5,0.2666472162886831,0.07030737348646507
2018,-0.065,0.2,5,0.2666472162886831,0.06370616187167502
2018,-0.065,0.30000000000000004,5,0.2666472162886831,0.08265565896871921
2018,-0.065,0.4,5,0.2666472162886831,0.07593009676437631
2018,-0.065,0.5,5,0.2666472162886831,0.13116932167565434
2018,-0.065,0.6000000000000001,5,0.2666472162886831,0.12259959344712826
2018,-0.065,0.7000000000000001,5,0.2684624859096121,0.08245163146204164
2018,-0.065,0.8,5,0.7832376938631848,0.6443697474928083
2018,-0.065,0.9,5,0.7832376938631848,0.645807425837671
2018,-0.065,1.0,5,0.7832376938631848,0.644106437654995
2018,-0.065,1.1,5,0.7832376938631848,0.6640601339344897
2018,-0.065,1.2000000000000002,5,0.7832376938631848,0.6614246917066089
2018,-0.065,1.3,5,0.565344418719364,0.46469304918409804
2018,-0.065,1.4000000000000001,5,0.565344418719364,0.453731501006422
2018,-0.065,1.5,5,0.565344418719364,0.4435836666922965
2018,-0.065,1.6,5,0.565344418719364,0.4501296477490627
2018,-0.065,1.7000000000000002,5,0.565344418719364,0.4548925472685948
2018,-0.065,1.8,5,0.565344418719364,0.46857821557451895
2018,-0.065,1.9000000000000001,5,0.565344418719364,0.45021302893884185
2018,-0.065,2.0,5,0.565344418719364,0.461972431155046
2018,-0.065,2.1,5,0.565344418719364,0.4534394883912808
2018,-0.065,2.2,5,0.565344418719364,0.4598043640762395
2018,-0.065,2.3000000000000003,5,0.565344418719364,0.4599674459056871
2018,-0.065,2.4000000000000004,5,0.565344418719364,0.45538520563067636
2018,-0.065,2.5,5,0.565344418719364,0.45520920841629514
2018,-0.065,2.6,5,0.565344418719364,0.45234074380461714
2018,-0.065,2.7,5,0.565344418719364,0.45851967363671375
2018,-0.065,2.8000000000000003,5,0.565344418719364,0.46301333533906197
2018,-0.065,2.9000000000000004,5,0.565344418719364,0.46486114994551464
2018,-0.065,3.0,5,0.565344418719364,0.4333069015924772
2018,-0.065,3.1,5,0.565344418719364,0.4169292120165423
2018,-0.065,3.2,5,0.565344418719364,0.4052260218383914
2018,-0.065,3.3000000000000003,5,0.565344418719364,0.412221899956863
2018,-0.065,3.4000000000000004,5,0.5785468419489441,0.40810407818672134
2018,-0.065,3.5,5,0.5785468419489441,0.40938544497796536
2018,-0.065,3.6,5,0.5785468419489441,0.3997751940436354
2018,-0.065,3.7,5,0.5785468419489441,0.3997751940436354
2018,-0.065,3.8000000000000003,5,0.5865685674555244,0.3998169738639822
2018,-0.065,3.9000000000000004,5,0.5865685674555244,0.404844806072387
2018,-0.065,4.0,5,0.5865685674555244,0.3994735004663849
2018,-0.065,4.1000000000000005,5,0.5865685674555244,0.40771344913497937
2018,-0.065,4.2,5,0.5865685674555244,0.4028391962448275
2018,-0.065,4.3,5,0.5911601317908155,0.4111768690954503
2018,-0.065,4.4,5,0.5911601317908155,0.4159309799074455
2018,-0.065,4.5,5,0.5911601317908155,0.4115948457498325
2018,-0.065,4.6000000000000005,5,0.5911601317908155,0.4206192869447354
2018,-0.065,4.7,5,0.5911601317908155,0.42617169792254483
2018,-0.065,4.800000000000001,5,0.5924414985820594,0.4227262122789767
2018,-0.065,4.9,5,0.5924414985820594,0.43080907953012215
2018,-0.065,5.0,5,0.5924414985820594,0.44442930096317
2018,-0.065,5.1000000000000005,5,0.5924414985820594,0.4484401637164601
2018,-0.065,5.2,5,0.5924414985820594,0.45197773003188707
2018,-0.065,5.300000000000001,5,0.5924414985820594,0.44683836600194793
2018,-0.065,5.4,5,0.5924414985820594,0.4596886163518511
2018,-0.065,5.5,5,0.5924414985820594,0.4763316847439448
2018,-0.065,5.6000000000000005,5,0.5924414985820594,0.46974383464137465
2018,-0.065,5.7,5,0.5924414985820594,0.4646278699875933
2018,-0.065,5.800000000000001,5,0.5924414985820594,0.4780534460856994
2018,-0.065,5.9,5,0.5924414985820594,0.48627510353556225
2018,-0.065,6.0,5,0.5924414985820594,0.491497670304366
2018,-0.07,0.0,5,0.2666472162886831,0.05486441468408733
2018,-0.07,0.1,5,0.2666472162886831,0.07030737348646507
2018,-0.07,0.2,5,0.2666472162886831,0.06370616187167502
2018,-0.07,0.30000000000000004,5,0.2666472162886831,0.08265565896871921
2018,-0.07,0.4,5,0.2666472162886831,0.07948039262236448
2018,-0.07,0.5,5,0.2666472162886831,0.13116932167565434
2018,-0.07,0.6000000000000001,5,0.2666472162886831,0.12561486819420226
2018,-0.07,0.7000000000000001,5,0.26835570534367503,0.12726377210919376
2018,-0.07,0.8,5,0.2684624859096121,0.07959505538586628
2018,-0.07,0.9,5,0.7832376938631848,0.6450139324831778
2018,-0.07,1.0,5,0.7832376938631848,0.6427574989523567
2018,-0.07,1.1,5,0.7832376938631848,0.6561672051231929
2018,-0.07,1.2000000000000002,5,0.7832376938631848,0.6640601339344897
2018,-0.07,1.3,5,0.565344418719364,0.45503707020293893
2018,-0.07,1.4000000000000001,5,0.565344418719364,0.46469304918409804
2018,-0.07,1.5,5,0.565344418719364,0.453731501006422
2018,-0.07,1.6,5,0.565344418719364,0.4435836666922965
2018,-0.07,1.7000000000000002,5,0.565344418719364,0.4501296477490627
2018,-0.07,1.8,5,0.565344418719364,0.4548925472685948
2018,-0.07,1.9000000000000001,5,0.565344418719364,0.463666309541417
2018,-0.07,2.0,5,0.565344418719364,0.4570469851588098
2018,-0.07,2.1,5,0.565344418719364,0.45118759399540903
2018,-0.07,2.2,5,0.565344418719364,0.45963276121562674
2018,-0.07,2.3000000000000003,5,0.565344418719364,0.45745519162562553
2018,-0.07,2.4000000000000004,5,0.565344418719364,0.45462366635323975
2018,-0.07,2.5,5,0.565344418719364,0.4599674459056871
2018,-0.07,2.6,5,0.565344418719364,0.45344459654870706
2018,-0.07,2.7,5,0.565344418719364,0.45383047434485163
2018,-0.07,2.8000000000000003,5,0.565344418719364,0.45309278057085906
2018,-0.07,2.9000000000000004,5,0.565344418719364,0.45851967363671375
2018,-0.07,3.0,5,0.565344418719364,0.46301333533906197
2018,-0.07,3.1,5,0.565344418719364,0.46486114994551464
2018,-0.07,3.2,5,0.565344418719364,0.42177460047128124
2018,-0.07,3.3000000000000003,5,0.565344418719364,0.42110719405121955
2018,-0.07,3.4000000000000004,5,0.565344418719364,0.4105738388427783
2018,-0.07,3.5,5,0.565344418719364,0.412221899956863
2018,-0.07,3.6,5,0.565344418719364,0.40549032994906353
2018,-0.07,3.7,5,0.5785468419489441,0.40938544497796536
2018,-0.07,3.8000000000000003,5,0.5785468419489441,0.3997751940436354
2018,-0.07,3.9000000000000004,5,0.5785468419489441,0.3997751940436354
2018,-0.07,4.0,5,0.5785468419489441,0.3997751940436354
2018,-0.07,4.1000000000000005,5,0.5865685674555244,0.3998169738639822
2018,-0.07,4.2,5,0.5865685674555244,0.404844806072387
2018,-0.07,4.3,5,0.5865685674555244,0.3994735004663849
2018,-0.07,4.4,5,0.5865685674555244,0.40771344913497937
2018,-0.07,4.5,5,0.5865685674555244,0.40625617435481143
2018,-0.07,4.6000000000000005,5,0.5911601317908155,0.4111768690954503
2018,-0.07,4.7,5,0.5911601317908155,0.40916264901126825
2018,-0.07,4.800000000000001,5,0.5911601317908155,0.41251400179746145
2018,-0.07,4.9,5,0.5911601317908155,0.4206192869447354
2018,-0.07,5.0,5,0.5911601317908155,0.4206192869447354
2018,-0.07,5.1000000000000005,5,0.5924414985820594,0.42859914340551164
2018,-0.07,5.2,5,0.5924414985820594,0.42248019538703624
2018,-0.07,5.300000000000001,5,0.5924414985820594,0.43360832749335587
2018,-0.07,5.4,5,0.5924414985820594,0.44442930096317
2018,-0.07,5.5,5,0.5924414985820594,0.4484401637164601
2018,-0.07,5.6000000000000005,5,0.5924414985820594,0.45197773003188707
2018,-0.07,5.7,5,0.5924414985820594,0.44683836600194793
2018,-0.07,5.800000000000001,5,0.5924414985820594,0.45958183578591416
2018,-0.07,5.9,5,0.5924414985820594,0.4763316847439448
2018,-0.07,6.0,5,0.5924414985820594,0.46974383464137465
2018,-0.075,0.0,5,0.2666472162886831,0.05486441468408733
2018,-0.075,0.1,5,0.2666472162886831,0.07030737348646507
2018,-0.075,0.2,5,0.2666472162886831,0.06370616187167502
2018,-0.075,0.30000000000000004,5,0.2666472162886831,0.0793132733409774
2018,-0.075,0.4,5,0.2666472162886831,0.08265565896871921
2018,-0.075,0.5,5,0.2666472162886831,0.10860562454363057
2018,-0.075,0.6000000000000001,5,0.2666472162886831,0.13116932167565434
2018,-0.075,0.7000000000000001,5,0.26835570534367503,0.1214712706213937
2018,-0.075,0.8,5,0.2684624859096121,0.08245163146204164
2018,-0.075,0.9,5,0.2684624859096121,0.06745077751457511
2018,-0.075,1.0,5,0.7832376938631848,0.645807425837671
2018,-0.075,1.1,5,0.7832376938631848,0.644106437654995
2018,-0.075,1.2000000000000002,5,0.7832376938631848,0.6561672051231929
2018,-0.075,1.3,5,0.7832376938631848,0.6684887948912477
2018,-0.075,1.4000000000000001,5,0.565344418719364,0.46255743786535797
2018,-0.075,1.5,5,0.565344418719364,0.46782653571010596
2018,-0.075,1.6,5,0.565344418719364,0.45452531759301074
2018,-0.075,1.7000000000000002,5,0.565344418719364,0.4435836666922965
2018,-0.075,1.8,5,0.565344418719364,0.4501296477490627
2018,-0.075,1.9000000000000001,5,0.565344418719364,0.4548925472685948
2018,-0.075,2.0,5,0.565344418719364,0.463666309541417
2018,-0.075,2.1,5,0.565344418719364,0.4648180317433094
2018,-0.075,2.2,5,0.565344418719364,0.4459651164520625
2018,-0.075,2.3000000000000003,5,0.565344418719364,0.461972431155046
2018,-0.075,2.4000000000000004,5,0.565344418719364,0.44967930456007127
2018,-0.075,2.5,5,0.565344418719364,0.45745519162562553
2018,-0.075,2.6,5,0.565344418719364,0.4534538313835301
2018,-0.075,2.7,5,0.565344418719364,0.4595496477022193
2018,-0.075,2.8000000000000003,5,0.565344418719364,0.45344459654870706
2018,-0.075,2.9000000000000004,5,0.565344418719364,0.45383047434485163
2018,-0.075,3.0,5,0.565344418719364,0.45309278057085906
2018,-0.075,3.1,5,0.565344418719364,0.45851967363671375
2018,-0.075,3.2,5,0.565344418719364,0.46301333533906197
2018,-0.075,3.3000000000000003,5,0.565344418719364,0.46486114994551464
2018,-0.075,3.4000000000000004,5,0.565344418719364,0.42177460047128124
2018,-0.075,3.5,5,0.565344418719364,0.4290035800967596
2018,-0.075,3.6,5,0.565344418719364,0.40608905507342435
2018,-0.075,3.7,5,0.565344418719364,0.41136765542936693
2018,-0.075,3.8000000000000003,5,0.565344418719364,0.412221899956863
2018,-0.075,3.9000000000000004,5,0.565344418719364,0.4026309217212941
2018,-0.075,4.0,5,0.5785468419489441,0.40938544497796536
2018,-0.075,4.1000000000000005,5,0.5785468419489441,0.3997751940436354
2018,-0.075,4.2,5,0.5785468419489441,0.3997751940436354
2018,-0.075,4.3,5,0.5785468419489441,0.3997751940436354
2018,-0.075,4.4,5,0.5865685674555244,0.3998169738639822
2018,-0.075,4.5,5,0.5865685674555244,0.404844806072387
2018,-0.075,4.6000000000000005,5,0.5865685674555244,0.3994735004663849
2018,-0.075,4.7,5,0.5865685674555244,0.40771344913497937
2018,-0.075,4.800000000000001,5,0.5865685674555244,0.40625617435481143
2018,-0.075,4.9,5,0.5911601317908155,0.4111768690954503
2018,-0.075,5.0,5,0.5911601317908155,0.40916264901126825
2018,-0.075,5.1000000000000005,5,0.5911601317908155,0.40770887633029657
2018,-0.075,5.2,5,0.5911601317908155,0.4115948457498325
2018,-0.075,5.300000000000001,5,0.5911601317908155,0.4206192869447354
2018,-0.075,5.4,5,0.5911601317908155,0.42617169792254483
2018,-0.075,5.5,5,0.5924414985820594,0.42859914340551164
2018,-0.075,5.6000000000000005,5,0.5924414985820594,0.42248019538703624
2018,-0.075,5.7,5,0.5924414985820594,0.43360832749335587
2018,-0.075,5.800000000000001,5,0.5924414985820594,0.44442930096317
2018,-0.075,5.9,5,0.5924414985820594,0.4483333831505232
2018,-0.075,6.0,5,0.5924414985820594,0.45197773003188707
2018,-0.08,0.0,5,0.2666472162886831,0.05486441468408733
2018,-0.08,0.1,5,0.2666472162886831,0.07030737348646507
2018,-0.08,0.2,5,0.2666472162886831,0.07030737348646507
2018,-0.08,0.30000000000000004,5,0.2666472162886831,0.0793132733409774
2018,-0.08,0.4,5,0.2666472162886831,0.08265565896871921
2018,-0.08,0.5,5,0.2666472162886831,0.07191923401108616
2018,-0.08,0.6000000000000001,5,0.2666472162886831,0.13116932167565434
2018,-0.08,0.7000000000000001,5,0.2666472162886831,0.12561486819420226
2018,-0.08,0.8,5,0.26835570534367503,0.07637619814469669
2018,-0.08,0.9,5,0.2684624859096121,0.08381481724089031
2018,-0.08,1.0,5,0.7832376938631848,0.6450139324831778
2018,-0.08,1.1,5,0.7832376938631848,0.6361145075172198
2018,-0.08,1.2000000000000002,5,0.7832376938631848,0.644106437654995
2018,-0.08,1.3,5,0.7832376938631848,0.6561672051231929
2018,-0.08,1.4000000000000001,5,0.7832376938631848,0.6684887948912477
2018,-0.08,1.5,5,0.565344418719364,0.46255743786535797
2018,-0.08,1.6,5,0.565344418719364,0.45939087100108295
2018,-0.08,1.7000000000000002,5,0.565344418719364,0.45452531759301074
2018,-0.08,1.8,5,0.565344418719364,0.4435836666922965
2018,-0.08,1.9000000000000001,5,0.565344418719364,0.4501296477490627
2018,-0.08,2.0,5,0.565344418719364,0.4548925472685948
2018,-0.08,2.1,5,0.565344418719364,0.463666309541417
2018,-0.08,2.2,5,0.565344418719364,0.4648180317433094
2018,-0.08,2.3000000000000003,5,0.565344418719364,0.44916853343017255
2018,-0.08,2.4000000000000004,5,0.565344418719364,0.45118759399540903
2018,-0.08,2.5,5,0.565344418719364,0.45963276121562674
2018,-0.08,2.6,5,0.565344418719364,0.45745519162562553
2018,-0.08,2.7,5,0.565344418719364,0.45462366635323975
2018,-0.08,2.8000000000000003,5,0.565344418719364,0.4599674459056871
2018,-0.08,2.9000000000000004,5,0.565344418719364,0.45538520563067636
2018,-0.08,3.0,5,0.565344418719364,0.44901593559194913
2018,-0.08,3.1,5,0.565344418719364,0.45383047434485163
2018,-0.08,3.2,5,0.565344418719364,0.45309278057085906
2018,-0.08,3.3000000000000003,5,0.565344418719364,0.45851967363671375
2018,-0.08,3.4000000000000004,5,0.565344418719364,0.46301333533906197
2018,-0.08,3.5,5,0.565344418719364,0.46486114994551464
2018,-0.08,3.6,5,0.565344418719364,0.4234830895262732
2018,-0.08,3.7,5,0.565344418719364,0.4290035800967596
2018,-0.08,3.8000000000000003,5,0.565344418719364,0.4169292120165423
2018,-0.08,3.9000000000000004,5,0.565344418719364,0.4052260218383914
2018,-0.08,4.0,5,0.565344418719364,0.412221899956863
2018,-0.08,4.1000000000000005,5,0.565344418719364,0.40549032994906353
2018,-0.08,4.2,5,0.5785468419489441,0.40810407818672134
2018,-0.08,4.3,5,0.5785468419489441,0.4020175859283124
2018,-0.08,4.4,5,0.5785468419489441,0.3997751940436354
2018,-0.08,4.5,5,0.5785468419489441,0.3997751940436354
2018,-0.08,4.6000000000000005,5,0.5785468419489441,0.3997751940436354
2018,-0.08,4.7,5,0.5865685674555244,0.3998169738639822
2018,-0.08,4.800000000000001,5,0.5865685674555244,0.404844806072387
2018,-0.08,4.9,5,0.5865685674555244,0.3994735004663849
2018,-0.08,5.0,5,0.5865685674555244,0.40771344913497937
2018,-0.08,5.1000000000000005,5,0.5865685674555244,0.40888830303665813
2018,-0.08,5.2,5,0.5865685674555244,0.4081870132492143
2018,-0.08,5.300000000000001,5,0.5911601317908155,0.4027373453854023
2018,-0.08,5.4,5,0.5911601317908155,0.4159309799074455
2018,-0.08,5.5,5,0.5911601317908155,0.41251400179746145
2018,-0.08,5.6000000000000005,5,0.5911601317908155,0.4206192869447354
2018,-0.08,5.7,5,0.5911601317908155,0.4206192869447354
2018,-0.08,5.800000000000001,5,0.5911601317908155,0.42617169792254483
2018,-0.08,5.9,5,0.5924414985820594,0.4227262122789767
2018,-0.08,6.0,5,0.5924414985820594,0.4252794433502699
2018,-0.085,0.0,5,0.2666472162886831,0.05486441468408733
2018,-0.085,0.1,5,0.2666472162886831,0.07030737348646507
2018,-0.085,0.2,5,0.2666472162886831,0.07030737348646507
2018,-0.085,0.30000000000000004,5,0.2666472162886831,0.0793132733409774
2018,-0.085,0.4,5,0.2666472162886831,0.08265565896871921
2018,-0.085,0.5,5,0.2666472162886831,0.07593009676437631
2018,-0.085,0.6000000000000001,5,0.2666472162886831,0.13116932167565434
2018,-0.085,0.7000000000000001,5,0.2666472162886831,0.12561486819420226
2018,-0.085,0.8,5,0.26835570534367503,0.07295056056222209
2018,-0.085,0.9,5,0.2684624859096121,0.08245163146204164
2018,-0.085,1.0,5,0.2684624859096121,0.06745077751457511
2018,-0.085,1.1,5,0.7832376938631848,0.6450139324831778
2018,-0.085,1.2000000000000002,5,0.7832376938631848,0.6427574989523567
2018,-0.085,1.3,5,0.7832376938631848,0.6535486770533655
2018,-0.085,1.4000000000000001,5,0.7832376938631848,0.6561672051231929
2018,-0.085,1.5,5,0.7832376938631848,0.6645213281187818
2018,-0.085,1.6,5,0.565344418719364,0.46469304918409804
2018,-0.085,1.7000000000000002,5,0.565344418719364,0.45939087100108295
2018,-0.085,1.8,5,0.565344418719364,0.45452531759301074
2018,-0.085,1.9000000000000001,5,0.565344418719364,0.4435836666922965
2018,-0.085,2.0,5,0.565344418719364,0.4501296477490627
2018,-0.085,2.1,5,0.565344418719364,0.4548925472685948
2018,-0.085,2.2,5,0.565344418719364,0.463666309541417
2018,-0.085,2.3000000000000003,5,0.565344418719364,0.45990612571020745
2018,-0.085,2.4000000000000004,5,0.565344418719364,0.4570469851588098
2018,-0.085,2.5,5,0.565344418719364,0.45118759399540903
2018,-0.085,2.6,5,0.565344418719364,0.45963276121562674
2018,-0.085,2.7,5,0.565344418719364,0.44967930456007127
2018,-0.085,2.8000000000000003,5,0.565344418719364,0.45745519162562553
2018,-0.085,2.9000000000000004,5,0.565344418719364,0.45462366635323975
2018,-0.085,3.0,5,0.565344418719364,0.4595496477022193
2018,-0.085,3.1,5,0.565344418719364,0.45525986616963604
2018,-0.085,3.2,5,0.565344418719364,0.44901593559194913
2018,-0.085,3.3000000000000003,5,0.565344418719364,0.4478559600352631
2018,-0.085,3.4000000000000004,5,0.565344418719364,0.45309278057085906
2018,-0.085,3.5,5,0.565344418719364,0.45851967363671375
2018,-0.085,3.6,5,0.565344418719364,0.46301333533906197
2018,-0.085,3.7,5,0.565344418719364,0.46486114994551464
2018,-0.085,3.8000000000000003,5,0.565344418719364,0.43352046272435113
2018,-0.085,3.9000000000000004,5,0.565344418719364,0.41747127897556363
2018,-0.085,4.0,5,0.565344418719364,0.4169292120165423
2018,-0.085,4.1000000000000005,5,0.565344418719364,0.40608905507342435
2018,-0.085,4.2,5,0.565344418719364,0.41136765542936693
2018,-0.085,4.3,5,0.565344418719364,0.412221899956863
2018,-0.085,4.4,5,0.565344418719364,0.4026309217212941
2018,-0.085,4.5,5,0.5785468419489441,0.40938544497796536
2018,-0.085,4.6000000000000005,5,0.5785468419489441,0.4020175859283124
2018,-0.085,4.7,5,0.5785468419489441,0.3997751940436354
2018,-0.085,4.800000000000001,5,0.5785468419489441,0.3997751940436354
2018,-0.085,4.9,5,0.5865685674555244,0.39630746895485325
2018,-0.085,5.0,5,0.5865685674555244,0.3998169738639822
2018,-0.085,5.1000000000000005,5,0.5865685674555244,0.404844806072387
2018,-0.085,5.2,5,0.5865685674555244,0.3994735004663849
2018,-0.085,5.300000000000001,5,0.5865685674555244,0.40771344913497937
2018,-0.085,5.4,5,0.5865685674555244,0.40888830303665813
2018,-0.085,5.5,5,0.5865685674555244,0.4081870132492143
2018,-0.085,5.6000000000000005,5,0.5911601317908155,0.4111768690954503
2018,-0.085,5.7,5,0.5911601317908155,0.40916264901126825
2018,-0.085,5.800000000000001,5,0.5911601317908155,0.41251400179746145
2018,-0.085,5.9,5,0.5911601317908155,0.4115948457498325
2018,-0.085,6.0,5,0.5911601317908155,0.4206192869447354
2018,-0.09,0.0,5,0.2666472162886831,0.05486441468408733
2018,-0.09,0.1,5,0.2666472162886831,0.07030737348646507
2018,-0.09,0.2,5,0.2666472162886831,0.07030737348646507
2018,-0.09,0.30000000000000004,5,0.2666472162886831,0.0793132733409774
2018,-0.09,0.4,5,0.2666472162886831,0.08265565896871921
2018,-0.09,0.5,5,0.2666472162886831,0.07593009676437631
2018,-0.09,0.6000000000000001,5,0.2666472162886831,0.10860562454363057
2018,-0.09,0.7000000000000001,5,0.2666472162886831,0.13116932167565434
2018,-0.09,0.8,5,0.2666472162886831,0.1243543459016927
2018,-0.09,0.9,5,0.26835570534367503,0.07654331742608378
2018,-0.09,1.0,5,0.2684624859096121,0.08381481724089031
2018,-0.09,1.1,5,0.7832376938631848,0.6469183165339614
2018,-0.09,1.2000000000000002,5,0.7832376938631848,0.6361145075172198
2018,-0.09,1.3,5,0.7832376938631848,0.644106437654995
2018,-0.09,1.4000000000000001,5,0.7832376938631848,0.6561672051231929
2018,-0.09,1.5,5,0.7832376938631848,0.6684887948912477
2018,-0.09,1.6,5,0.7832376938631848,0.6645213281187818
2018,-0.09,1.7000000000000002,5,0.565344418719364,0.46469304918409804
2018,-0.09,1.8,5,0.565344418719364,0.45939087100108295
2018,-0.09,1.9000000000000001,5,0.565344418719364,0.45452531759301074
2018,-0.09,2.0,5,0.565344418719364,0.4435836666922965
2018,-0.09,2.1,5,0.565344418719364,0.4501296477490627
2018,-0.09,2.2,5,0.565344418719364,0.4548925472685948
2018,-0.09,2.3000000000000003,5,0.565344418719364,0.463666309541417
2018,-0.09,2.4000000000000004,5,0.565344418719364,0.463666309541417
2018,-0.09,2.5,5,0.565344418719364,0.4570469851588098
2018,-0.09,2.6,5,0.565344418719364,0.44916853343017255
2018,-0.09,2.7,5,0.565344418719364,0.45118759399540903
2018,-0.09,2.8000000000000003,5,0.565344418719364,0.45963276121562674
2018,-0.09,2.9000000000000004,5,0.565344418719364,0.4553195803068856
2018,-0.09,3.0,5,0.565344418719364,0.4522744939026257
2018,-0.09,3.1,5,0.565344418719364,0.4534538313835301
2018,-0.09,3.2,5,0.565344418719364,0.4595496477022193
2018,-0.09,3.3000000000000003,5,0.565344418719364,0.45525986616963604
2018,-0.09,3.4000000000000004,5,0.565344418719364,0.45383047434485163
2018,-0.09,3.5,5,0.565344418719364,0.4478559600352631
2018,-0.09,3.6,5,0.565344418719364,0.45309278057085906
2018,-0.09,3.7,5,0.565344418719364,0.45851967363671375
2018,-0.09,3.8000000000000003,5,0.565344418719364,0.46301333533906197
2018,-0.09,3.9000000000000004,5,0.565344418719364,0.46486114994551464
2018,-0.09,4.0,5,0.565344418719364,0.44434725815524934
2018,-0.09,4.1000000000000005,5,0.565344418719364,0.42177460047128124
2018,-0.09,4.2,5,0.565344418719364,0.42110719405121955
2018,-0.09,4.3,5,0.565344418719364,0.40608905507342435
2018,-0.09,4.4,5,0.565344418719364,0.4052260218383914
2018,-0.09,4.5,5,0.565344418719364,0.412221899956863
2018,-0.09,4.6000000000000005,5,0.565344418719364,0.40549032994906353
2018,-0.09,4.7,5,0.5785468419489441,0.40810407818672134
2018,-0.09,4.800000000000001,5,0.5785468419489441,0.40938544497796536
2018,-0.09,4.9,5,0.5785468419489441,0.3997751940436354
2018,-0.09,5.0,5,0.5785468419489441,0.3997751940436354
2018,-0.09,5.1000000000000005,5,0.5785468419489441,0.3997751940436354
2018,-0.09,5.2,5,0.5865685674555244,0.39630746895485325
2018,-0.09,5.300000000000001,5,0.5865685674555244,0.3998169738639822
2018,-0.09,5.4,5,0.5865685674555244,0.404844806072387
2018,-0.09,5.5,5,0.5865685674555244,0.3994735004663849
2018,-0.09,5.6000000000000005,5,0.5865685674555244,0.40771344913497937
2018,-0.09,5.7,5,0.5865685674555244,0.40888830303665813
2018,-0.09,5.800000000000001,5,0.5865685674555244,0.4028391962448275
2018,-0.09,5.9,5,0.5911601317908155,0.4111768690954503
2018,-0.09,6.0,5,0.5911601317908155,0.40916264901126825
2018,-0.095,0.0,5,0.2666472162886831,0.05486441468408733
2018,-0.095,0.1,5,0.2666472162886831,0.047822166385873374
2018,-0.095,0.2,5,0.2666472162886831,0.07030737348646507
2018,-0.095,0.30000000000000004,5,0.2666472162886831,0.06274522600369928
2018,-0.095,0.4,5,0.2666472162886831,0.08265565896871921
2018,-0.095,0.5,5,0.2666472162886831,0.07593009676437631
2018,-0.095,0.6000000000000001,5,0.2666472162886831,0.10860562454363057
2018,-0.095,0.7000000000000001,5,0.2666472162886831,0.13116932167565434
2018,-0.095,0.8,5,0.2666472162886831,0.12561486819420226
2018,-0.095,0.9,5,0.26835570534367503,0.07058369665689665
2018,-0.095,1.0,5,0.2684624859096121,0.08245163146204164
2018,-0.095,1.1,5,0.2684624859096121,0.07316392966692582
2018,-0.095,1.2000000000000002,5,0.7832376938631848,0.6450139324831778
2018,-0.095,1.3,5,0.7832376938631848,0.6427574989523567
2018,-0.095,1.4000000000000001,5,0.7832376938631848,0.644106437654995
2018,-0.095,1.5,5,0.7832376938631848,0.6561672051231929
2018,-0.095,1.6,5,0.7832376938631848,0.6684887948912477
2018,-0.095,1.7000000000000002,5,0.7832376938631848,0.6689450593690279
2018,-0.095,1.8,5,0.565344418719364,0.46469304918409804
2018,-0.095,1.9000000000000001,5,0.565344418719364,0.45939087100108295
2018,-0.095,2.0,5,0.565344418719364,0.4547388787248847
2018,-0.095,2.1,5,0.565344418719364,0.4435836666922965
2018,-0.095,2.2,5,0.565344418719364,0.4501296477490627
2018,-0.095,2.3000000000000003,5,0.565344418719364,0.4548925472685948
2018,-0.095,2.4000000000000004,5,0.565344418719364,0.463666309541417
2018,-0.095,2.5,5,0.565344418719364,0.463666309541417
2018,-0.095,2.6,5,0.565344418719364,0.4570469851588098
2018,-0.095,2.7,5,0.565344418719364,0.4560024896501404
2018,-0.095,2.8000000000000003,5,0.565344418719364,0.45118759399540903
2018,-0.095,2.9000000000000004,5,0.565344418719364,0.45963276121562674
2018,-0.095,3.0,5,0.565344418719364,0.45587257738441717
2018,-0.095,3.1,5,0.565344418719364,0.45745519162562553
2018,-0.095,3.2,5,0.565344418719364,0.45462366635323975
2018,-0.095,3.3000000000000003,5,0.565344418719364,0.4599674459056871
2018,-0.095,3.4000000000000004,5,0.565344418719364,0.45942430824117897
2018,-0.095,3.5,5,0.565344418719364,0.44901593559194913
2018,-0.095,3.6,5,0.565344418719364,0.45383047434485163
2018,-0.095,3.7,5,0.565344418719364,0.45234074380461714
2018,-0.095,3.8000000000000003,5,0.565344418719364,0.45309278057085906
2018,-0.095,3.9000000000000004,5,0.565344418719364,0.45851967363671375
2018,-0.095,4.0,5,0.565344418719364,0.46301333533906197
2018,-0.095,4.1000000000000005,5,0.565344418719364,0.4625119774949006
2018,-0.095,4.2,5,0.565344418719364,0.44434725815524934
2018,-0.095,4.3,5,0.565344418719364,0.42177460047128124
2018,-0.095,4.4,5,0.565344418719364,0.4290035800967596
2018,-0.095,4.5,5,0.565344418719364,0.4169292120165423
2018,-0.095,4.6000000000000005,5,0.565344418719364,0.4105738388427783
2018,-0.095,4.7,5,0.565344418719364,0.41136765542936693
2018,-0.095,4.800000000000001,5,0.565344418719364,0.412221899956863
2018,-0.095,4.9,5,0.565344418719364,0.4026309217212941
2018,-0.095,5.0,5,0.5785468419489441,0.40938544497796536
2018,-0.095,5.1000000000000005,5,0.5785468419489441,0.4020175859283124
2018,-0.095,5.2,5,0.5785468419489441,0.3997751940436354
2018,-0.095,5.300000000000001,5,0.5785468419489441,0.3997751940436354
2018,-0.095,5.4,5,0.5785468419489441,0.3997751940436354
2018,-0.095,5.5,5,0.5865685674555244,0.39630746895485325
2018,-0.095,5.6000000000000005,5,0.5865685674555244,0.3998169738639822
2018,-0.095,5.7,5,0.5865685674555244,0.404844806072387
2018,-0.095,5.800000000000001,5,0.5865685674555244,0.3994735004663849
2018,-0.095,5.9,5,0.5865685674555244,0.40728632687123145
2018,-0.095,6.0,5,0.5865685674555244,0.40888830303665813
2018,-0.1,0.0,5,0.2666472162886831,0.05486441468408733
2018,-0.1,0.1,5,0.2666472162886831,0.047822166385873374
2018,-0.1,0.2,5,0.2666472162886831,0.07030737348646507
2018,-0.1,0.30000000000000004,5,0.2666472162886831,0.06274522600369928
2018,-0.1,0.4,5,0.2666472162886831,0.08265565896871921
2018,-0.1,0.5,5,0.2666472162886831,0.08265565896871921
2018,-0.1,0.6000000000000001,5,0.2666472162886831,0.10860562454363057
2018,-0.1,0.7000000000000001,5,0.2666472162886831,0.13116932167565434
2018,-0.1,0.8,5,0.2666472162886831,0.12561486819420226
2018,-0.1,0.9,5,0.2666472162886831,0.07583363584252108
2018,-0.1,1.0,5,0.26835570534367503,0.07654331742608378
2018,-0.1,1.1,5,0.2684624859096121,0.08381481724089031
2018,-0.1,1.2000000000000002,5,0.7808885214125708,0.6392301157864975
2018,-0.1,1.3,5,0.7832376938631848,0.6450139324831778
2018,-0.1,1.4000000000000001,5,0.7832376938631848,0.6427574989523567
2018,-0.1,1.5,5,0.7832376938631848,0.6535486770533655
2018,-0.1,1.6,5,0.7832376938631848,0.6561672051231929
2018,-0.1,1.7000000000000002,5,0.7832376938631848,0.6684887948912477
2018,-0.1,1.8,5,0.7832376938631848,0.6689450593690279
2018,-0.1,1.9000000000000001,5,0.565344418719364,0.46782653571010596
2018,-0.1,2.0,5,0.565344418719364,0.45939087100108295
2018,-0.1,2.1,5,0.565344418719364,0.4547388787248847
2018,-0.1,2.2,5,0.565344418719364,0.44337010556042245
2018,-0.1,2.3000000000000003,5,0.565344418719364,0.44500418058408675
2018,-0.1,2.4000000000000004,5,0.565344418719364,0.4548925472685948
2018,-0.1,2.5,5,0.565344418719364,0.463666309541417
2018,-0.1,2.6,5,0.565344418719364,0.463666309541417
2018,-0.1,2.7,5,0.565344418719364,0.45990612571020745
2018,-0.1,2.8000000000000003,5,0.565344418719364,0.4560024896501404
2018,-0.1,2.9000000000000004,5,0.565344418719364,0.4543910109735191
2018,-0.1,3.0,5,0.565344418719364,0.44884792405598983
2018,-0.1,3.1,5,0.565344418719364,0.45587257738441717
2018,-0.1,3.2,5,0.565344418719364,0.4553195803068856
2018,-0.1,3.3000000000000003,5,0.565344418719364,0.4522744939026257
2018,-0.1,3.4000000000000004,5,0.565344418719364,0.4534538313835301
2018,-0.1,3.5,5,0.565344418719364,0.4595496477022193
2018,-0.1,3.6,5,0.565344418719364,0.45525986616963604
2018,-0.1,3.7,5,0.565344418719364,0.44901593559194913
2018,-0.1,3.8000000000000003,5,0.565344418719364,0.45383047434485163
2018,-0.1,3.9000000000000004,5,0.565344418719364,0.45234074380461714
2018,-0.1,4.0,5,0.565344418719364,0.45309278057085906
2018,-0.1,4.1000000000000005,5,0.565344418719364,0.45851967363671375
2018,-0.1,4.2,5,0.565344418719364,0.46301333533906197
2018,-0.1,4.3,5,0.565344418719364,0.4625119774949006
2018,-0.1,4.4,5,0.565344418719364,0.44434725815524934
2018,-0.1,4.5,5,0.565344418719364,0.4234830895262732
2018,-0.1,4.6000000000000005,5,0.565344418719364,0.41747127897556363
2018,-0.1,4.7,5,0.565344418719364,0.4169292120165423
2018,-0.1,4.800000000000001,5,0.565344418719364,0.40608905507342435
2018,-0.1,4.9,5,0.565344418719364,0.4052260218383914
2018,-0.1,5.0,5,0.565344418719364,0.412221899956863
2018,-0.1,5.1000000000000005,5,0.565344418719364,0.40549032994906353
2018,-0.1,5.2,5,0.565344418719364,0.4026309217212941
2018,-0.1,5.300000000000001,5,0.5785468419489441,0.40938544497796536
2018,-0.1,5.4,5,0.5785468419489441,0.4020175859283124
2018,-0.1,5.5,5,0.5785468419489441,0.3997751940436354
2018,-0.1,5.6000000000000005,5,0.5785468419489441,0.3997751940436354
2018,-0.1,5.7,5,0.5785468419489441,0.3997751940436354
2018,-0.1,5.800000000000001,5,0.5865685674555244,0.39630746895485325
2018,-0.1,5.9,5,0.5865685674555244,0.3998169738639822
2018,-0.1,6.0,5,0.5865685674555244,0.404844806072387
